12 0 0
100476 0 0
201024 0 0
301568 0 0
402120 0 0
502676 0 0
603224 0 0
703768 0 0
804316 0 0
904864 7 0
1005424 0 0
1106020 0 0
1206612 0 0
1307208 0 0
1407812 6 0
1508412 0 0
1609008 0 0
1709604 0 0
1810204 0 0
1910804 0 0
2011400 1 0
2111988 5 0
2212588 0 0
2313188 0 0
2413788 0 0
2514388 0 0
2614988 0 0
2715592 0 0
2816184 0 0
2916780 0 0
3017376 0 0
3117976 0 0
3218568 0 0
3319156 0 0
3419752 0 0
3520348 0 0
3620948 0 0
3721544 33 0
3822180 9 0
3922780 0 0
4023380 0 1
4123976 68 1
4224612 14 1
4325256 38 1
4425896 0 1
4526496 0 1
4627088 0 1
4727684 4 1
4828284 0 1
4928880 0 1
5029476 0 1
5130076 0 1
5230676 49 1
5331316 31 1
5431952 4 1
5532548 12 1
5633196 0 1
5733792 0 1
5834392 0 1
5934988 9 1
6035588 0 1
6136184 22 1
6236820 0 1
6337420 14 1
6438068 0 1
6538664 0 1
6639256 61 1
6739900 0 1
6840496 86 1
6941140 141 1
7041828 44 1
7142472 15 1
7243108 20 1
7343748 16 0
7444396 13 0
7545036 0 0
7645632 0 0
7746232 0 0
7846828 0 0
7947424 0 0
8048016 3 0
8148604 0 0
8249204 0 0
8349804 0 0
8450400 0 0
8550988 0 0
8651588 0 0
8752188 0 0
8852788 0 0
8953384 0 0
9053984 6 0
9154580 0 0
9255176 0 0
9355768 0 0
9456364 0 0
9556964 0 0
9657560 2 0
9758152 2 0
9858752 2 0
9959352 2 0
10059944 0 0
10160580 3 0
10261224 18 0
10361908 18 0
10462592 5 0
10563240 0 0
10663880 1 0
10764512 3 0
10865148 2 0
10965792 0 0
11066444 0 0
11167088 0 0
11267724 0 0
11368368 0 0
11469004 0 0
11569640 0 0
11670284 1 0
11770932 0 0
11871572 0 0
11972212 0 0
12072856 0 0
12173492 0 0
12274132 4 0
12374780 26 0
12475468 30 0
12576152 0 1
12676800 96 1
12777484 96 1
12878168 28 1
12978848 44 1
13079532 0 1
13180172 0 1
13280816 0 1
13381456 45 1
13482152 65 1
13582832 0 1
13683472 1 1
13784112 4 1
13884756 0 1
13985396 27 1
14086084 2 1
14186724 0 1
14287364 0 1
14388008 0 1
14488648 19 1
14589336 0 1
14689980 0 1
14790624 0 1
14891260 0 1
14991900 0 1
15092548 0 1
15193196 0 0
15293840 19 0
15394528 0 0
15495176 11 0
15595856 7 0
15696500 14 0
15797188 11 0
15897872 19 0
15998560 8 0
16099204 2 0
16199848 0 0
16300484 14 0
16401176 0 0
16501824 13 0
16602504 0 0
16703144 2 0
16803784 0 0
16904420 0 0
17005060 0 0
17105704 16 0
17206388 1 0
17307028 0 0
17407676 0 0
17508324 0 0
17608964 0 0
17709604 0 0
17810248 0 0
17910892 0 0
18011536 1 0
18112180 6 0
18212824 6 0
18313460 5 0
18414100 0 0
18514744 0 0
18615384 1 0
18716028 0 0
18816668 0 0
18917312 6 0
19017948 0 0
19118588 0 0
19219236 0 0
19319880 0 0
19420528 0 0
19521164 3 0
19621808 1 0
19722444 0 0
19823088 0 0
19923732 14 0
20024424 0 0
20125060 0 1
20225708 3 1
20326352 124 1
20427076 89 1
20527764 0 1
20628412 19 1
20729096 0 1
20829732 0 1
20930376 63 1
21031064 0 1
21131700 0 1
21232344 15 1
21333028 0 1
21433668 61 1
21534352 0 1
21634996 0 1
21735636 8 1
21836276 0 1
21936920 0 1
22037564 0 1
22138204 26 1
22238896 71 1
22339592 0 1
22440228 50 1
22540912 22 1
22641604 10 1
22742288 0 1
22842924 40 1
22943612 0 1
23044256 0 1
23144892 0 1
23245536 0 0
23346180 0 0
23446820 0 0
23547460 0 0
23648112 0 0
23748752 0 0
23849388 0 0
23950032 0 0
24050684 0 0
24151332 0 0
24251972 0 0
24352620 0 0
24453264 3 0
24553900 5 0
24654548 5 0
24755192 4 0
24855828 13 0
24956516 3 0
25057164 6 0
25157812 4 0
25258452 0 0
25359100 2 0
25459748 11 0
25560432 6 0
25661068 0 0
25761712 0 0
25862348 1 0
25962988 0 0
26063640 0 0
26164288 0 0
26264924 0 0
26365564 0 0
26466208 0 0
26566844 1 0
26667484 0 0
26768128 0 0
26868768 0 0
26969404 0 0
27070044 1 0
27170692 5 0
27271340 0 0
27371980 0 0
27472628 0 0
27573276 0 0
27673916 0 0
27774556 14 0
27875248 3 0
27975892 0 0
28076532 0 0
28177180 76 1
28277872 140 1
28378596 0 1
28479244 0 1
28579892 0 1
28680532 0 1
28781176 0 1
28881820 0 1
28982460 0 1
29083100 0 1
29183744 0 1
29284388 4 1
29385028 0 1
29485668 0 1
29586316 0 1
29686964 40 1
29787652 22 1
29888344 25 1
29989036 44 1
30089720 0 1
30190364 0 1
30291012 8 1
30391652 0 1
30492300 0 1
30592948 11 1
30693632 0 1
30794280 0 1
30894924 23 1
30995616 0 1
31096252 10 1
31196944 0 0
31297588 0 0
31398228 0 0
31498868 0 0
31599516 0 0
31700156 0 0
31800796 0 0
31901444 0 0
32002092 0 0
32102728 0 0
32203364 0 0
32304008 1 0
32404648 13 0
32505336 4 0
32605980 1 0
32706628 4 0
32807268 11 0
32907956 3 0
33008600 12 0
33109288 8 0
33209924 9 0
33310568 8 0
33411212 8 0
33511852 5 0
33612496 9 0
33713136 9 0
33813772 0 0
33914412 0 0
34015060 0 0
34115708 0 0
34216348 0 0
34316992 6 0
34417632 10 0
34518312 1 0
34618948 0 0
34719592 3 0
34820236 0 0
34920876 6 0
35021520 6 0
35122160 10 0
35222840 3 0
35323476 0 0
35424124 3 0
35524768 4 0
35625404 5 0
35726052 4 0
35826700 2 0
35927344 15 0
36028024 69 0
36128712 0 1
36229348 36 1
36330032 0 1
36430684 0 1
36531332 19 1
36632016 4 1
36732668 0 1
36833316 0 1
36933956 42 1
37034640 135 1
37135372 5 1
37236012 24 1
37336696 0 1
37437348 39 1
37538036 0 1
37638676 50 1
37739368 12 1
37840064 0 1
37940700 21 1
38041392 0 1
38142036 0 1
38242676 0 1
38343320 0 1
38443964 0 1
38544604 0 1
38645244 0 1
38745892 0 1
38846540 0 1
38947180 6 0
39047820 0 0
39148468 0 0
39249108 0 0
39349748 0 0
39450396 0 0
39551044 0 0
39651684 0 0
39752324 0 0
39852968 0 0
39953604 0 0
40054244 9 0
40154892 8 0
40255536 9 0
40356172 9 0
40456812 15 0
40557504 2 0
40658140 0 0
40758780 0 0
40859428 0 0
40960076 2 0
41060712 14 0
41161396 19 0
41262092 11 0
41362776 4 0
41463420 7 0
41564068 9 0
41664712 12 0
41765392 3 0
41866036 0 0
41966684 1 0
42067324 13 0
42168012 8 0
42268656 8 0
42369292 3 0
42469932 5 0
42570580 1 0
42671228 0 0
42771868 3 0
42872512 21 0
42973200 0 0
43073836 1 0
43174476 13 0
43275164 0 0
43375804 0 0
43476448 9 0
43577092 28 0
43677784 0 0
43778420 0 1
43879060 47 1
43979752 0 1
44080388 134 1
44181116 40 1
44281808 0 1
44382452 0 1
44483092 0 0
44583740 0 0
44684388 0 0
44785028 0 0
44885676 0 0
44986324 0 0
45086964 0 0
45187604 0 0
45288248 0 0
45388888 0 0
45489532 0 0
45590172 0 0
45690820 3 0
45791460 2 0
45892104 8 0
45992744 11 0
46093432 2 0
46194068 14 0
46294760 13 0
46395456 4 0
46496092 12 0
46596780 8 0
46697428 0 0
46798068 0 0
46898712 0 0
46999356 0 0
47100004 46 0
47200692 22 1
47301380 65 1
47402072 189 1
47502796 0 1
47603448 58 1
47704136 41 1
47804820 23 1
47905512 5 1
48006164 70 1
48106848 0 1
48207484 0 1
48308132 0 1
48408772 0 1
48509412 69 1
48610108 32 1
48710800 16 1
48811480 0 1
48912132 78 1
49012824 0 1
49113460 83 1
49214152 43 1
49314836 57 1
49415520 0 1
49516156 119 1
49616892 0 1
49717540 0 1
49818180 14 1
49918868 0 1
50019512 0 1
50120148 47 1
50220840 27 1
50321532 47 1
50422216 0 1
50522860 0 1
50623508 0 1
50724156 17 1
50824840 3 1
50925484 11 1
51026168 23 1
51126848 9 1
51227492 0 1
51328136 0 1
51428772 0 1
51529420 0 1
51630068 1 1
51730708 31 1
51831396 0 1
51932044 38 1
52032736 0 1
52133372 19 1
52234064 42 1
52334760 56 1
52435444 0 1
52536092 0 1
52636736 75 1
52737424 0 1
52838072 80 1
52938764 0 1
53039404 44 1
53140088 103 1
53240816 34 1
53341504 14 1
53442192 0 1
53542844 0 1
53643484 12 1
53744168 61 1
53844852 31 1
53945540 0 1
54046180 15 1
54146872 112 1
54247612 19 1
54348296 0 1
54448948 58 1
54549636 0 1
54650276 0 0
54750924 0 0
54851572 0 0
54952212 0 0
55052852 0 0
55153496 0 0
55254148 0 0
55354788 0 0
55455436 0 0
55556084 0 0
55656724 0 0
55757364 0 0
55858012 34 0
55958704 4 0
56059352 5 0
56159996 3 0
56260644 0 0
56361284 0 0
56461924 0 0
56562572 0 0
56663224 0 0
56763860 0 0
56864508 0 0
56965156 7 0
57065796 0 0
57166436 15 0
57267128 0 0
57367768 2 0
57468404 0 0
57569052 22 0
57669744 56 1
57770436 74 1
57871128 41 1
57971816 225 1
58072540 0 1
58173188 0 1
58273836 0 0
58374480 0 0
58475116 0 0
58575764 0 0
58676404 1 0
58777044 9 0
58877692 5 0
58978340 0 0
59078984 4 0
59179620 0 0
59280268 0 0
59380916 15 1
59481600 0 1
59582240 49 1
59682928 0 1
59783572 124 1
59884308 1 1
59984956 0 1
60085600 0 1
60186236 22 1
60286928 0 1
60387580 0 1
60488224 32 1
60588912 27 1
60689608 0 1
60790244 0 1
60890896 20 1
60991584 0 1
61092220 0 1
61192860 0 1
61293508 55 1
61394196 0 1
61494840 0 1
61595484 3 1
61696132 0 0
61796772 0 0
61897420 0 0
61998072 0 0
62098712 0 0
62199348 0 0
62300000 2 0
62400644 7 0
62501284 8 0
62601932 25 0
62702624 0 0
62803264 46 0
62903944 76 0
63004632 61 1
63105312 0 1
63205948 28 1
63306640 101 1
63407372 0 1
63508016 0 1
63608660 35 1
63709352 23 1
63810044 0 1
63910692 0 1
64011340 0 1
64111980 86 1
64212672 28 1
64313360 0 1
64413996 0 1
64514636 0 1
64615280 0 1
64715920 51 1
64816604 0 1
64917252 0 1
65017900 0 1
65118540 0 1
65219184 0 1
65319836 15 1
65420520 0 1
65521156 0 1
65621808 0 1
65722448 29 1
65823140 15 1
65923828 21 1
66024516 62 1
66125200 11 1
66225892 14 1
66326584 0 1
66427220 0 1
66527860 41 1
66628556 42 1
66729240 0 1
66829876 2 1
66930524 25 0
67031216 0 0
67131852 0 0
67232500 0 0
67333148 0 0
67433788 0 0
67534428 0 0
67635072 0 0
67735716 0 0
67836356 5 0
67937004 0 0
68037652 0 0
68138292 3 0
68238932 1 0
68339580 10 0
68440272 30 0
68540952 3 0
68641596 0 0
68742244 0 0
68842884 0 0
68943528 0 0
69044172 0 0
