100476 0 0
201024 0 0
301568 0 0
402120 42 0
502716 20 0
603308 0 0
703856 0 0
804412 0 0
904968 0 0
1005524 2 0
1106116 0 0
1206708 0 0
1307308 0 0
1407908 11 0
1508548 20 0
1609192 0 0
1709788 0 0
1810388 2 0
1910984 23 0
2011620 0 0
2112220 0 0
2212820 0 0
2313412 65 1
2414052 49 1
2514696 0 1
2615296 72 1
2715940 53 1
2816580 86 1
2917224 0 1
3017828 8 1
3118424 18 1
3219064 42 1
3319708 0 1
3420304 53 1
3520948 0 1
3621548 40 1
3722192 0 1
3822784 0 1
3923376 32 1
4024016 0 1
4124612 2 1
4225204 20 1
4325844 32 0
4426488 0 0
4527092 0 0
4627688 17 0
4728332 0 0
4828936 0 0
4929532 0 0
5030136 0 0
5130728 0 0
5231324 0 0
5331924 0 0
5432516 0 0
5533112 0 0
5633716 0 0
5734316 0 0
5834912 0 0
5935512 0 0
6036104 0 0
6136700 0 0
6237308 0 0
6337904 0 0
6438496 0 0
6539092 15 0
6639736 0 0
6740328 0 0
6840924 0 0
6941524 0 0
7042124 0 0
7142724 0 0
7243324 7 0
7343924 6 0
7444528 26 0
7545176 0 0
7645768 0 0
7746364 0 0
7846964 7 0
7947560 18 0
8048196 0 0
8148796 5 0
8249400 0 0
8349996 10 0
8450636 5 0
8551236 0 0
8651836 9 0
8752432 0 0
8853024 0 0
8953620 0 0
9054220 0 0
9154816 1 0
9255412 0 0
9356012 11 0
9456660 55 0
9557300 0 0
9657896 20 0
9758536 139 1
9859224 113 1
9959904 0 1
10060504 1 1
10161144 0 1
10261780 96 1
10362460 0 1
10463104 0 1
10563752 0 1
10664388 65 1
10765076 0 1
10865720 12 1
10966408 0 1
11067044 26 1
11167732 48 1
11268416 18 1
11369096 0 1
11469736 0 1
11570372 9 1
11671012 38 1
11771704 0 1
11872356 0 1
11972996 17 1
12073684 0 1
12174328 0 1
12274964 0 1
12375604 0 0
12476248 0 0
12576892 0 0
12677532 0 0
12778180 3 0
12878828 0 0
12979468 0 0
13080108 0 0
13180756 0 0
13281400 0 0
13382032 0 0
13482672 2 0
13583312 0 0
13683956 0 0
13784596 0 0
13885244 0 0
13985892 11 0
14086576 0 0
14187224 0 0
14287876 0 0
14388516 0 0
14489156 0 0
14589800 0 0
14690440 0 0
14791076 0 0
14891720 0 0
14992360 0 0
15092996 0 0
15193636 0 0
15294284 0 0
15394932 0 0
15495572 0 0
15596220 0 0
15696868 0 0
15797508 0 1
15898148 0 1
15998792 26 1
16099480 0 1
16200124 0 1
16300768 0 1
16401420 32 1
16502100 0 1
16602740 11 1
16703428 0 1
16804068 0 1
16904708 0 0
17005352 0 0
17106004 3 0
17206644 0 0
17307288 0 0
17407928 0 0
17508576 0 0
17609212 0 0
17709856 0 0
17810496 0 0
17911140 0 0
18011784 0 0
18112428 19 0
18213112 0 0
18313752 30 1
18414440 0 1
18515080 0 1
18615716 0 1
18716364 1 1
18817012 29 1
18917696 67 1
19018380 0 1
19119028 0 1
19219668 1 1
19320308 0 0
19420956 0 0
19521604 5 0
19622244 2 0
19722884 6 0
19823532 0 0
19924172 0 0
20024812 0 0
20125456 0 0
20226100 0 0
20326740 0 0
20427380 0 0
20528028 0 0
20628664 0 0
20729308 0 0
20829952 0 0
20930592 0 0
21031236 0 0
21131876 0 0
21232520 0 0
21333164 0 0
21433804 0 0
21534448 0 0
21635092 0 0
21735732 0 0
21836372 3 0
21937016 0 0
22037664 0 0
22138300 0 0
22238948 0 0
22339596 0 0
22440236 0 0
22540876 0 0
22641524 0 0
22742172 0 0
22842812 2 0
22943460 0 0
23044108 0 0
23144752 0 0
23245388 0 0
23346032 0 0
23446676 0 0
23547316 0 0
23647964 0 0
23748620 0 0
23849260 28 0
23949944 91 1
24050640 26 1
24151328 25 1
24252008 0 1
24352648 0 1
24453288 8 1
24553932 22 1
24654624 12 1
24755316 22 1
24856000 0 1
24956640 24 1
25057328 46 1
25158008 29 1
25258696 59 1
25359384 0 1
25460020 116 1
25560756 1 1
25661404 11 1
25762088 0 1
25862724 51 1
25963412 66 1
26064096 7 1
26164732 0 1
26265380 3 0
26366024 0 0
26466668 10 0
26567356 1 0
26668000 0 0
26768636 0 0
26869276 4 0
26969924 0 0
27070568 0 0
27171212 0 0
27271856 0 0
27372496 0 0
27473132 0 0
27573772 0 0
27674416 0 0
27775056 0 0
27875700 0 0
27976340 0 0
28076984 4 0
28177620 0 0
28278260 0 0
28378904 0 0
28479548 0 0
28580188 1 0
28680828 10 0
28781516 5 0
28882156 0 0
28982796 0 0
29083440 0 0
29184080 0 0
29284720 0 0
29385356 0 0
29486004 0 0
29586644 0 0
29687284 0 0
29787932 0 1
29888580 0 1
29989220 11 1
30089912 53 1
30190604 0 1
30291248 80 1
30391928 0 1
30492580 25 1
30593264 98 1
30693952 0 1
30794596 74 1
30895288 0 1
30995924 0 1
31096572 0 1
31197220 0 1
31297860 3 1
31398500 0 0
31499148 0 0
31599796 9 0
31700440 5 0
31801084 13 0
31901776 0 0
32002412 0 0
32103056 0 0
32203696 0 0
32304332 0 0
32404972 0 0
32505616 0 0
32606264 0 0
32706900 0 0
32807540 0 0
32908184 0 0
33008820 0 0
33109460 0 1
33210104 0 1
33310744 70 1
33411432 0 1
33512068 124 1
33612808 86 1
33713484 58 1
33814168 99 1
33914860 0 1
34015500 0 1
34116144 60 1
34216828 0 1
34317472 99 1
34418152 0 1
34518800 44 1
34619488 0 1
34720124 0 1
34820764 0 1
34921408 0 0
35022044 0 0
35122684 0 0
35223332 0 0
35323980 2 0
35424620 13 0
35525312 3 0
35625956 0 0
35726600 0 0
35827236 0 0
35927884 0 0
36028532 0 0
36129172 0 0
36229816 1 0
36330456 0 0
36431092 0 0
36531736 13 0
36632424 0 0
36733068 0 0
36833712 3 0
36934356 0 0
37035004 9 0
37135652 0 0
37236292 0 0
37336940 0 0
37437588 1 0
37538228 0 0
37638876 0 0
37739532 0 0
37840172 0 0
37940812 0 0
38041456 0 0
38142100 0 0
38242740 0 0
38343388 0 0
38444044 0 0
38544684 0 0
38645324 0 0
38745972 0 0
38846620 4 0
38947264 5 0
39047908 0 0
39148556 0 0
39249204 0 0
39349844 4 0
39450488 9 0
39551128 5 0
39651776 0 0
39752420 0 0
39853068 19 0
39953752 4 0
40054392 0 0
40155036 0 0
40255676 0 0
40356320 0 0
40456960 0 0
40557600 1 0
40658244 0 0
40758884 0 0
40859532 0 0
40960180 0 0
41060816 0 0
41161456 0 0
41262100 0 0
41362740 0 0
41463380 0 0
41564028 3 0
41664676 0 0
41765316 0 0
41865964 0 0
41966612 0 0
42067252 7 0
42167892 0 0
42268540 0 0
42369184 0 0
42469820 0 0
42570468 0 0
42671116 0 0
42771756 0 0
42872396 0 0
42973044 0 1
43073692 0 1
43174332 107 1
43275072 0 1
43375716 26 1
43476400 133 1
43577136 0 1
43677784 26 1
43778464 34 1
43879160 0 1
43979804 152 1
44080532 34 1
44181224 0 1
44281868 0 1
44382508 103 1
44483244 66 1
44583932 10 1
44684624 0 1
44785268 0 1
44885916 0 1
44986556 0 0
45087196 0 0
45187844 16 0
45288532 0 0
45389172 0 0
45489812 0 0
45590460 0 0
45691100 0 0
45791740 0 0
45892388 0 0
45993036 0 0
46093680 8 0
46194316 0 0
46294964 0 0
46395604 0 0
46496244 0 0
46596888 0 0
46697540 0 0
46798180 0 0
46898820 0 0
46999468 0 0
47100112 0 0
47200752 0 1
47301396 39 1
47402088 0 1
47502724 68 1
47603416 0 1
47704076 23 1
47804760 0 1
47905408 11 1
48006104 16 1
48106792 0 1
48207440 0 1
48308084 0 0
48408732 7 0
48509376 4 0
48610020 1 0
48710668 0 0
48811308 0 0
48911952 0 0
49012596 6 0
49113244 0 0
49213888 0 0
49314528 0 0
49415180 0 0
49515820 0 0
49616464 0 0
49717104 0 0
49817748 0 0
49918388 0 0
50019036 0 0
50119692 0 0
50220336 0 0
50320976 0 0
50421620 0 0
50522268 0 0
50622908 0 0
50723556 15 0
50824248 7 0
50924884 0 0
51025524 0 1
51126176 0 1
51226812 137 1
51327540 139 1
51428276 123 1
51529004 3 1
51629644 0 1
51730292 0 1
51830940 79 1
51931624 37 1
52032312 15 1
52133008 1 1
52233644 3 1
52334292 0 1
52434940 8 1
52535588 0 1
52636228 0 0
52736872 0 0
52837512 21 0
52938200 11 0
53038896 1 0
53139548 0 0
53240188 0 0
53340828 0 0
53441472 0 0
53542108 0 0
53642748 0 0
53743396 0 0
53844048 0 0
53944684 0 0
54045324 0 0
54145972 0 0
54246612 0 0
54347252 12 0
54447944 17 0
54548640 3 0
54649276 0 0
54749924 0 0
54850572 0 0
54951212 0 0
55051852 0 0
55152496 0 0
55253140 0 0
55353780 5 0
55454428 53 0
55555120 31 0
55655800 0 0
55756440 0 0
55857084 0 0
55957724 8 0
56058368 2 0
56159012 0 0
56259660 9 0
56360300 0 0
56460944 0 0
56561584 0 0
56662220 12 0
56762904 1 0
56863556 6 0
56964204 0 1
57064844 0 1
57165492 60 1
57266188 0 1
57366836 0 1
57467476 0 1
57568124 60 1
57668816 4 1
57769460 0 1
57870104 33 1
57970792 102 1
58071516 0 1
58172164 36 1
58272860 0 1
58373500 54 1
58474192 0 1
58574836 0 1
58675476 1 1
58776116 0 1
58876764 9 1
58977416 0 1
59078052 0 1
59178700 0 1
59279348 77 1
59380036 20 1
59480720 0 1
59581364 0 1
59682004 0 1
59782644 0 1
59883292 12 0
59983984 7 0
60084632 0 0
60185276 0 0
60285924 0 0
60386568 0 0
60487204 0 0
60587852 0 0
60688500 0 0
60789140 0 0
60889788 0 0
60990436 0 0
61091080 0 0
61191720 0 0
61292364 0 0
61393012 0 0
61493656 0 0
61594300 0 0
61694948 0 0
61795588 0 0
61896228 0 0
61996876 0 0
62097524 0 0
62198164 0 0
62298812 2 0
62399460 0 0
62500104 13 0
62600784 0 0
62701436 5 0
62802084 2 0
62902724 2 0
63003372 1 0
63104020 6 0
63204660 0 0
63305300 0 1
63405948 0 1
63506596 15 1
63607280 0 1
63707924 0 1
63808572 0 1
63909212 0 1
64009852 0 1
64110496 46 1
64211176 0 1
64311820 0 1
64412468 28 1
64513156 0 1
64613796 0 1
64714444 27 1
64815136 0 1
64915772 0 1
65016412 0 1
65117060 48 1
65217752 0 1
65318400 19 1
65419088 0 0
65519732 0 0
65620376 0 0
65721020 14 0
65821708 7 0
65922348 0 0
66022988 0 0
66123632 0 0
66224276 0 0
66324916 0 0
66425560 0 0
66526208 0 0
66626852 0 0
66727492 0 0
66828140 7 0
66928788 0 0
67029428 0 0
67130076 0 0
67230732 0 0
67331372 0 0
67432012 0 0
67532656 0 0
67633300 0 0
67733940 0 0
67834588 0 0
67935244 0 0
68035888 0 0
68136524 11 1
68237216 0 1
68337860 103 1
68438588 71 1
68539280 83 1
68639968 22 1
68740656 0 1
68841300 34 1
68941988 0 1
69042628 0 1
69143276 0 1
69243924 0 0
69344568 0 0
69445204 3 0
69545852 2 0
69646500 0 0
69747140 0 0
69847788 0 0
69948436 0 1
70049076 0 1
70149716 22 1
70250408 0 1
70351044 0 1
70451684 0 1
70552328 0 1
70652972 79 1
70753660 64 1
70854352 106 1
70955092 67 1
71055776 0 1
71156420 98 1
71257112 30 1
71357796 0 1
71458440 0 0
71559084 3 0
71659724 0 0
71760368 0 0
71861012 0 0
71961660 0 0
72062300 35 0
72162992 0 0
72263636 0 0
72364276 0 0
72464916 0 0
72565564 0 0
72666212 0 0
72766852 0 0
72867500 0 0
72968152 0 0
73068788 0 0
73169432 0 0
73270088 0 0
73370732 0 0
73471372 0 0
73572020 0 0
73672668 0 0
73773312 9 0
73873948 0 0
73974596 0 0
74075244 0 0
74175884 0 0
74276536 0 0
74377180 1 0
74477820 1 0
74578464 4 0
74679108 0 0
74779756 0 0
74880400 136 1
74981128 115 1
75081860 60 1
75182544 57 1
75283236 0 1
75383884 0 1
75484528 0 1
75585164 0 1
75685812 27 1
75786496 22 1
75887176 50 1
75987868 0 1
76088512 0 1
76189152 0 1
76289796 0 1
76390448 0 1
76491084 37 1
76591772 25 1
76692464 0 1
76793104 23 1
76893788 18 1
76994480 33 1
77095160 13 1
77195840 7 1
77296488 8 0
77397132 1 0
77497776 0 0
77598420 0 0
77699072 0 0
77799716 0 0
77900360 0 0
78001004 0 0
78101652 0 0
78202292 0 0
78302940 0 0
78403592 0 0
78504240 0 0
78604876 0 0
78705524 0 0
78806172 0 0
78906812 0 0
79007460 0 0
79108108 0 0
79208752 3 0
79309392 0 0
79410036 0 0
79510684 0 0
79611324 0 0
79711972 0 0
79812624 0 0
79913264 0 0
80013908 3 0
80114556 0 0
80215204 0 0
80315844 0 0
80416492 0 0
80517140 0 0
80617780 0 0
80718424 0 0
80819068 0 0
80919716 37 1
81020404 0 1
81121052 0 1
81221700 35 1
81322392 4 1
81423036 9 1
81523684 0 1
81624324 18 1
81725008 56 1
81825704 108 1
81926432 64 1
82027108 40 1
82127796 12 1
82228480 42 1
82329160 0 1
82429804 21 1
82530496 11 1
82631176 0 1
82731820 0 1
82832468 14 1
82933152 6 1
83033796 2 0
83134444 0 0
83235088 8 0
83335724 0 0
83436372 0 0
83537020 2 0
83637660 13 0
83738352 0 0
83838996 0 0
83939640 0 0
84040276 0 0
84140920 0 0
84241564 0 0
84342204 0 0
84442852 0 0
84543500 0 0
84644140 0 0
84744780 0 0
84845428 0 0
84946076 0 0
85046716 1 0
85147364 0 0
85248016 2 0
85348648 0 0
85449292 0 0
85549936 0 0
85650580 0 0
85751220 0 0
85851868 0 0
85952524 0 0
86053164 1 0
86153804 0 0
86254452 0 0
86355100 0 0
86455740 0 0
86556388 0 0
86657036 0 0
86757676 0 0
86858320 0 0
86958960 3 0
87059604 0 0
87160244 0 0
87260892 1 0
87361540 0 0
87462180 0 0
87562820 0 0
87663468 0 0
87764116 0 0
87864756 0 0
87965404 0 0
88066060 0 0
88166700 0 0
88267340 1 0
88367988 4 0
88468636 0 0
88569276 1 0
88669928 0 0
88770572 8 0
88871216 33 0
88971896 132 1
89072632 72 1
89173316 20 1
89274000 74 1
89374688 0 1
89475336 0 1
89575972 0 1
89676620 0 1
89777268 20 1
89877952 0 1
89978596 0 1
90079244 0 1
90179892 0 1
90280532 59 1
90381224 0 1
90481860 41 1
90582548 0 1
90683196 39 1
90783888 12 1
90884568 0 1
90985212 28 1
91085904 71 1
91186588 0 1
91287236 0 1
91387884 6 1
91488524 12 0
91589208 0 0
91689852 0 0
91790500 0 0
91891140 0 0
91991788 0 0
92092436 0 0
92193076 0 0
92293716 0 0
92394364 0 0
92495012 0 0
92595652 0 0
92696300 0 0
92796948 0 0
92897588 0 0
92998228 0 0
93098876 0 0
93199524 0 0
93300164 0 0
93400812 0 0
93501460 1 0
93602100 0 0
93702740 0 0
93803388 0 0
93904036 0 0
94004676 0 0
94105324 0 0
94205972 0 0
94306616 0 0
94407252 0 0
94507900 0 0
94608548 0 0
94709192 0 0
94809836 0 0
94910484 0 0
95011128 1 0
95111768 2 0
95212412 0 0
95313060 0 0
95413700 0 0
95514348 17 0
