110919512 2 0
111020200 0 0
111120888 0 0
111221576 0 0
111322268 13 0

110516744 0 0
110617440 0 0
110718136 0 0
110818820 0 0
110919512 2 0
111020200 0 0
111120888 0 0
111221576 0 0
111322268 13 0

12 13 0
100524 0 0
201072 0 0
301616 12 0
402212 9 0
502768 0 0
603312 2 0
703856 0 0
804412 0 0
904968 0 0
1005524 0 0
1106116 0 0
1206708 0 0
1307308 0 0
1407908 0 0
1508508 0 0
1609104 1 0
1709700 0 0
1810300 0 0
1910900 0 0
2011496 0 0
2112088 0 0
2212692 0 0
2313292 0 0
2413884 0 0
2514484 0 0
2615084 0 0
2715684 83 0
2816320 0 1
2916908 53 1
3017556 72 1
3118204 0 1
3218800 88 1
3319440 37 1
3420080 0 1
3520672 0 1
3621268 6 1
3721868 0 1
3822468 0 1
3923068 33 1
4023708 0 1
4124304 40 1
4224952 40 1
4325596 0 1
4426196 0 1
4526796 0 1
4627396 119 1
4728080 79 1
4828716 0 1
4929316 0 1
5029916 0 1
5130512 0 0
5231104 0 0
5331700 0 0
5432300 0 0
5532896 0 0
5633492 0 0
5734092 0 0
5834700 0 0
5935296 0 0
6035888 0 0
6136480 0 0
6237076 0 0
6337672 12 0
6438308 0 0
6538904 0 0
6639500 1 0
6740100 0 0
6840692 0 0
6941288 0 0
7041892 0 0
7142492 0 0
7243088 0 0
7343688 0 0
7444288 0 0
7544884 0 0
7645480 0 0
7746072 0 0
7846668 0 0
7947276 0 0
8047876 0 0
8148472 0 0
8249072 0 0
8349668 0 0
8450268 0 0
8550864 0 0
8651464 0 0
8752060 0 0
8852656 0 0
8953252 0 0
9053848 10 0
9154496 0 0
9255088 4 0
9355680 109 1
9456372 48 1
9557020 34 1
9657660 188 1
9758344 0 1
9858952 49 1
9959592 37 1
10060236 0 1
10160880 0 1
10261520 154 1
10362252 0 1
10462896 78 1
10563580 96 1
10664272 0 1
10764904 0 1
10865544 5 1
10966188 6 1
11066828 18 1
11167516 0 1
11268164 0 1
11368800 56 1
11469484 0 1
11570128 0 1
11670764 0 1
11771404 0 0
11872052 0 0
11972696 0 0
12073332 0 0
12173972 0 0
12274616 0 0
12375252 0 0
12475892 0 0
12576540 0 0
12677184 0 0
12777828 0 0
12878468 0 0
12979116 1 0
13079756 0 0
13180400 0 0
13281040 0 0
13381680 0 0
13482324 0 0
13582964 0 0
13683608 0 0
13784244 0 0
13884888 2 0
13985528 0 0
14086172 0 0
14186812 0 0
14287452 0 0
14388096 0 0
14488736 0 0
14589380 0 0
14690028 0 0
14790672 0 0
14891316 0 0
14991956 0 0
15092604 0 0
15193252 4 0
15293892 0 0
15394540 0 0
15495192 0 0
15595828 0 0
15696468 3 0
15797112 1 0
15897764 0 0
15998404 0 0
16099052 11 0
16199740 7 0
16300380 0 0
16401020 0 0
16501664 5 0
16602300 1 0
16702940 0 0
16803584 0 0
16904224 0 0
17004864 0 0
17105500 1 0
17206144 1 0
17306784 1 0
17407420 6 0
17508068 0 0
17608716 0 0
17709356 0 0
17809996 0 0
17910640 0 0
18011284 0 0
18111924 4 0
18212572 1 0
18313220 0 0
18413860 3 0
18514500 0 0
18615144 2 0
18715792 0 0
18816428 0 0
18917072 13 0
19017760 138 0
19118484 149 1
19219224 32 1
19319908 35 1
19420592 0 1
19521236 118 1
19621968 0 1
19722604 55 1
19823292 24 1
19923984 0 1
20024620 86 1
20125304 4 1
20225948 26 1
20326632 68 1
20427312 0 1
20527964 0 1
20628608 0 1
20729244 49 1
20829932 7 1
20930580 20 1
21031264 20 1
21131948 6 1
21232592 0 1
21333228 0 1
21433868 0 1
21534512 0 0
21635156 0 0
21735796 0 0
21836436 0 0
21937084 0 0
22037724 0 0
22138364 2 0
22239012 11 0
22339704 11 0
22440384 1 0
22541024 0 0
22641672 0 0
22742308 0 0
22842948 0 0
22943592 0 0
23044236 0 0
23144876 0 0
23245520 0 0
23346160 0 0
23446796 0 0
23547436 0 0
23648084 0 0
23748728 0 0
23849372 2 0
23950016 0 0
24050660 0 0
24151300 0 0
24251940 0 0
24352588 0 0
24453232 0 0
24553868 0 0
24654516 9 0
24755160 0 0
24855800 0 0
24956436 0 0
25057084 0 0
25157732 0 0
25258372 0 0
25359020 4 0
25459668 0 0
25560308 0 0
25660948 3 0
25761592 0 0
25862232 0 1
25962868 15 1
26063560 14 1
26164244 81 1
26264928 0 1
26365564 0 1
26466208 0 1
26566844 21 1
26667528 3 1
26768168 0 1
26868808 84 1
26969496 0 1
27070144 19 1
27170828 0 1
27271468 9 1
27372108 27 1
27472796 0 1
27573436 0 1
27674076 7 1
27774720 0 1
27875364 13 1
27976048 13 1
28076740 0 1
28177388 0 1
28278028 0 1
28378668 0 1
28479316 0 0
28579964 0 0
28680604 0 0
28781248 0 0
28881892 0 0
28982532 2 0
29083172 3 0
29183816 1 0
29284460 0 0
29385100 0 0
29485748 0 0
29586396 0 0
29687036 0 0
29787676 2 0
29888324 0 0
29988968 0 0
30089604 5 0
30190248 0 0
30290892 0 0
30391536 0 0
30492180 8 0
30592828 0 0
30693476 0 0
30794124 0 0
30894772 0 0
30995420 0 0
31096060 0 0
31196700 0 0
31297348 0 0
31397996 0 0
31498640 0 0
31599280 3 0
31699924 0 0
31800568 0 0
31901204 0 0
32001852 0 0
32102496 0 0
32203132 0 0
32303772 3 0
32404420 2 0
32505060 0 0
32605700 0 0
32706348 0 0
32806996 0 0
32907632 0 0
33008268 2 0
33108912 0 0
33209548 0 0
33310188 0 0
33410832 0 0
33511472 0 0
33612116 0 0
33712756 0 0
33813400 27 0
33914080 0 0
34014716 0 1
34115364 103 1
34216096 58 1
34316776 25 1
34417472 30 1
34518164 9 1
34618804 93 1
34719492 39 1
34820184 7 1
34920820 0 1
35021460 1 1
35122104 0 0
35222740 0 0
35323380 0 0
35424028 0 0
35524672 0 0
35625316 0 0
35725956 0 0
35826604 6 0
35927244 0 0
36027884 0 0
36128532 0 1
36229180 2 1
36329820 27 1
36430512 22 1
36531208 0 1
36631844 0 1
36732488 0 1
36833132 0 1
36933780 25 1
37034464 4 1
37135116 0 1
37235764 2 1
37336404 0 1
37437044 4 0
37537692 0 0
37638332 0 0
37738976 0 0
37839620 0 0
37940268 0 0
38040908 5 0
38141548 0 0
38242196 0 0
38342836 0 0
38443480 0 0
38544124 0 0
38644768 0 0
38745412 0 0
38846052 0 0
38946700 0 1
39047348 15 1
39148036 0 1
39248684 0 1
39349332 0 1
39449972 0 1
39550612 42 1
39651304 0 1
39751940 0 1
39852580 0 1
39953228 0 1
40053876 0 1
40154516 0 1
40255164 0 0
40355812 0 0
40456452 0 0
40557092 0 0
40657740 6 0
40758388 9 0
40859028 4 0
40959676 8 0
41060328 9 0
41160964 0 0
41261604 0 0
41362252 0 0
41462904 2 0
41563540 1 0
41664188 0 0
41764832 0 0
41865476 2 0
41966116 0 0
42066760 0 0
42167404 0 0
42268044 0 0
42368688 0 0
42469328 0 0
42569972 0 0
42670612 0 0
42771256 0 0
42871896 0 0
42972544 5 0
43073180 9 0
43173824 3 0
43274464 0 0
43375100 0 0
43475748 0 0
43576400 0 0
43677036 11 0
43777728 0 0
43878368 0 0
43979004 0 0
44079648 0 0
44180292 0 0
44280940 0 0
44381580 0 0
44482228 3 0
44582876 0 0
44683516 12 0
44784200 0 0
44884844 0 0
44985492 0 0
45086132 0 0
45186776 0 0
45287416 0 0
45388052 0 0
45488692 11 0
45589380 0 0
45690028 3 0
45790668 1 0
45891316 0 0
45991960 0 0
46092604 0 0
46193244 5 0
46293892 0 0
46394540 2 0
46495180 3 0
46595828 35 0
46696520 0 0
46797156 2 0
46897796 0 0
46998444 0 1
47099084 0 1
47199728 70 1
47300420 11 1
47401112 0 1
47501748 0 1
47602396 39 1
47703088 80 1
47803776 0 1
47904428 0 1
48005076 24 1
48105760 14 1
48206448 52 1
48307140 70 1
48407828 7 1
48508468 2 1
48609116 0 1
48709764 121 1
48810496 0 1
48911140 0 1
49011788 0 1
49112428 83 1
49213120 127 1
49313852 92 1
49414540 86 1
49515228 65 1
49615920 0 1
49716564 0 1
49817204 0 0
49917852 0 0
50018492 0 0
50119132 0 0
50219780 0 0
50320428 10 0
50421112 1 0
50521760 4 0
50622404 0 0
50723044 0 0
50823684 0 0
50924332 0 0
51024980 0 0
51125620 12 0
51226312 8 0
51326964 0 0
51427604 0 0
51528244 0 0
51628888 0 0
51729528 0 0
51830172 0 0
51930820 0 0
52031468 0 0
52132108 0 0
52232748 0 0
52333396 0 0
52434044 0 0
52534684 0 0
52635328 0 0
52735968 0 0
52836608 0 0
52937244 0 0
53037888 0 0
53138532 0 0
53239172 0 0
53339820 0 0
53440468 0 0
53541108 5 0
53641748 0 0
53742396 7 0
53843044 2 0
53943684 7 0
54044332 8 0
54144980 9 0
54245620 0 0
54346260 0 0
54446908 0 0
54547552 0 0
54648188 0 0
54748828 0 0
54849472 0 0
54950108 0 0
55050748 0 0
55151392 0 0
55252044 0 0
55352684 2 0
55453324 15 0
55554016 0 0
55654660 0 1
55755300 106 1
55856036 20 1
55956720 43 1
56057408 0 1
56158060 35 1
56258752 18 1
56359440 40 1
56460136 0 1
56560788 0 0
56661428 0 0
56762076 0 0
56862732 0 0
56963372 15 0
57064056 9 0
57164708 11 0
57265396 16 0
57366080 0 0
57466720 0 0
57567364 0 0
57668004 4 0
57768648 3 0
57869288 2 0
57969924 0 0
58070564 0 0
58171212 0 0
58271856 0 0
58372500 0 0
58473144 0 0
58573788 0 0
58674428 0 0
58775072 0 0
58875716 0 0
58976364 0 0
59077008 0 0
59177652 3 0
59278300 2 0
59378940 29 0
59479624 51 1
59580312 3 1
59680956 22 1
59781640 26 1
59882336 38 1
59983024 0 1
60083672 71 1
60184364 38 1
60285056 0 1
60385696 0 1
60486340 0 1
60586988 0 1
60687632 0 0
60788272 0 0
60888916 0 0
60989564 11 0
61090248 20 0
61190936 1 0
61291588 16 0
61392272 16 0
61492960 20 0
61593644 0 0
61694284 0 0
61794924 0 0
61895572 9 0
61996220 10 0
62096904 0 0
62197548 0 0
62298196 0 0
62398840 8 0
62499480 0 0
62600124 0 0
62700764 15 0
62801452 13 0
62902144 0 0
63002796 0 0
63103436 11 0
63204132 0 0
63304780 0 0
63405424 0 0
63506064 0 0
63606708 16 0
63707396 0 0
63808036 0 0
63908684 0 0
64009332 0 0
64109972 0 0
64210620 0 0
64311268 0 0
64411908 0 0
64512548 6 0
64613192 10 0
64713880 0 0
64814516 22 0
64915208 0 1
65015856 0 1
65116496 0 1
65217132 0 1
65317780 0 1
65418420 75 1
65519104 48 1
65619792 0 1
65720432 0 1
65821080 4 1
65921720 26 1
66022408 0 1
66123052 9 1
66223692 119 1
66324428 0 1
66425068 0 1
66525708 0 1
66626356 0 1
66727004 0 1
66827644 0 1
66928284 0 1
67028932 71 1
67129616 77 1
67230304 0 1
67330956 0 1
67431604 25 1
67532288 46 1
67632984 0 1
67733632 0 1
67834268 22 1
67934960 0 1
68035612 0 1
68136252 0 1
68236892 6 1
68337536 0 1
68438180 0 0
68538820 0 0
68639468 0 0
68740116 6 0
68840756 0 0
68941396 1 0
69042044 6 0
69142692 0 0
69243332 0 0
69343980 1 0
69444628 28 0
69545312 0 0
69645960 0 0
69746600 0 0
69847236 10 0
69947920 6 0
70048572 0 0
70149220 0 0
70249860 0 0
70350508 0 0
70451160 0 0
70551800 0 0
70652436 0 0
70753088 0 0
70853732 0 0
70954372 0 0
71055020 0 0
71155668 0 0
71256312 0 0
71356952 0 0
71457596 0 0
71558244 0 0
71658884 0 0
71759536 0 0
71860180 0 0
71960820 0 0
72061460 0 0
72162108 0 0
72262756 0 0
72363396 0 0
72464044 0 0
72564688 9 0
72665324 3 0
72765964 3 0
72866612 0 0
72967260 0 0
73067900 0 0
73168544 0 0
73269188 3 0
73369828 0 0
73470468 0 0
73571116 0 0
73671764 0 1
73772404 0 1
73873044 0 1
73973692 39 1
74074376 3 1
74175012 40 1
74275704 0 1
74376348 49 1
74477032 48 1
74577728 0 1
74678380 0 1
74779024 39 1
74879712 37 1
74980412 8 1
75081052 0 1
75181692 0 1
75282344 44 1
75383024 15 1
75483704 0 1
75584348 0 1
75684996 0 1
75785640 8 1
75886284 0 1
75986932 0 1
76087576 0 1
76188212 0 1
76288860 14 1
76389548 0 1
76490192 0 1
76590836 0 0
76691484 2 0
76792128 0 0
76892768 11 0
76993456 0 0
77094092 0 0
77194732 0 0
77295380 0 0
77396028 20 0
77496712 7 0
77597356 9 0
77698004 1 0
77798644 0 0
77899284 0 0
77999932 0 0
78100584 0 0
78201220 0 0
78301868 0 0
78402516 0 0
78503156 0 0
78603800 0 0
78704444 0 0
78805092 0 0
78905736 0 0
79006380 16 0
79107076 18 0
79207764 0 0
79308408 0 0
79409052 11 0
79509740 0 0
79610384 0 0
79711028 0 1
79811676 15 1
79912364 0 1
80013012 0 1
80113660 0 1
80214300 0 1
80314940 0 1
80415588 0 1
80516236 0 1
80616876 0 1
80717524 17 1
80818216 0 1
80918852 0 1
81019492 0 1
81120140 0 1
81220788 0 1
81321432 0 1
81422084 31 1
81522776 54 1
81623460 66 1
81724152 13 1
81824848 0 1
81925492 0 1
82026128 0 1
82126768 0 1
82227404 7 1
82328044 1 1
82428692 15 1
82529384 0 1
82630028 0 1
82730676 0 1
82831324 0 1
82931964 0 1
83032608 19 1
83133296 0 1
83233948 39 1
83334632 69 1
83435320 0 1
83535972 0 1
83636620 0 0
83737268 0 0
83837916 0 0
83938560 0 0
84039196 0 0
84139844 29 0
84240532 21 0
84341216 7 0
84441860 0 0
84542504 0 0
84643140 0 0
84743780 0 0
84844428 2 0
84945072 0 0
85045712 0 0
85146356 7 0
85247004 0 0
85347644 0 0
85448284 2 0
85548928 0 0
85649572 0 0
85750212 0 0
85850860 0 0
85951508 0 0
86052156 0 0
86152796 0 0
86253444 0 0
86354092 0 0
86454736 0 0
86555380 0 0
86656028 0 0
86756668 0 0
86857308 13 0
86958000 5 0
87058636 2 0
87159276 0 0
87259924 0 0
87360572 1 0
87461212 0 0
87561852 0 0
87662500 2 0
87763140 4 0
87863780 1 0
87964428 0 0
88065076 0 0
88165716 0 0
88266360 0 1
88367004 0 1
88467644 34 1
88568328 0 1
88668972 54 1
88769664 12 1
88870344 0 1
88970988 12 1
89071680 103 1
89172408 0 1
89273052 0 1
89373708 47 1
89474392 52 1
89575072 4 1
89675716 8 1
89776360 25 1
89877044 0 0
89977692 0 0
90078340 15 0
90179028 0 0
90279676 0 0
90380324 32 0
90481008 13 0
90581692 0 0
90682340 3 0
90782980 0 0
90883620 0 0
90984268 3 0
91084916 0 0
91185556 0 0
91286204 0 0
91386852 0 1
91487496 0 1
91588136 0 1
91688780 0 1
91789428 69 1
91890112 0 1
91990760 19 1
92091448 6 1
92192088 0 1
92292724 87 1
92393416 64 1
92494104 0 1
92594740 0 1
92695388 0 1
92796036 0 1
92896676 6 0
92997324 0 0
93097972 0 0
93198616 20 0
93299300 0 0
93399948 0 0
93500596 6 0
93601236 3 0
93701884 0 0
93802532 0 0
93903172 0 0
94003820 0 0
94104468 0 0
94205112 0 0
94305752 0 0
94406404 0 0
94507048 1 0
94607688 4 0
94708324 0 0
94808972 0 0
94909620 0 0
95010260 0 0
95110908 0 0
95211556 3 0
95312196 0 0
95412836 0 0
95513484 0 0
95614136 0 0
95714776 0 0
95815424 0 1
95916072 0 1
96016712 95 1
96117392 35 1
96218088 110 1
96318812 12 1
96419504 0 1
96520156 16 1
96620840 21 1
96721520 0 1
96822172 18 1
96922856 70 1
97023536 33 1
97124224 0 1
97224868 26 1
97325552 59 1
97426244 0 1
97526896 62 1
97627576 0 1
97728220 0 1
97828876 0 1
97929516 0 1
98030164 63 1
98130860 0 1
98231504 0 1
98332144 0 1
98432788 1 1
98533436 0 1
98634076 32 1
98734768 0 1
98835420 0 1
98936060 0 1
99036704 0 1
99137352 14 0
99238040 6 0
99338680 0 0
99439324 0 0
99539976 18 0
99640664 14 0
99741344 0 0
99842000 0 0
99942636 0 0
100043276 0 0
100143968 0 0
100244656 0 0
100345336 0 0
100446024 3 0
100546712 0 0
100647392 0 0
100748084 7 0
100848780 0 0
100949464 0 0
101050152 0 0
101150840 0 0
101251528 0 0
101352216 2 0
101452908 0 0
101553592 0 0
101654284 0 0
101754976 3 0
101855668 4 0
101956360 15 0
102057092 0 0
102157780 0 0
102258472 0 0
102359160 0 0
102459844 4 0
102560532 0 0
102661220 0 0
102761904 0 0
102862600 0 0
102963288 19 0
103064012 0 0
103164704 0 0
103265392 1 0
103366080 0 0
103466776 2 0
103567464 4 0
103668148 0 0
103768840 0 0
103869528 2 0
103970208 0 0
104070900 1 0
104171592 2 0
104272272 0 0
104372960 0 0
104473656 0 0
104574336 0 0
104675036 3 0
104775732 0 0
104876416 0 0
104977100 0 0
105077788 0 0
105178472 0 0
105279160 0 0
105379852 0 0
105480536 0 0
105581228 0 0
105681928 0 0
105782608 0 0
105883288 29 0
105984016 0 1
106084696 0 1
106185376 52 1
106286108 0 1
106386796 54 1
106487532 53 1
106588272 28 1
106688996 68 1
106789728 15 1
106890468 41 1
106991196 0 1
107091892 0 1
107192576 0 1
107293256 24 1
107393988 45 1
107494716 11 1
107595452 0 1
107696144 0 1
107796824 30 1
107897564 0 1
107998256 0 1
108098948 0 1
108199640 0 1
108300328 0 1
108401008 0 1
108501704 87 1
108602436 0 1
108703120 15 1
108803860 84 1
108904596 0 1
109005284 8 1
109105972 0 1
109206664 0 1
109307352 22 1
109408092 0 1
109508784 12 1
109609508 30 1
109710244 50 1
109810972 0 1
109911656 0 1
110012348 16 1
110113080 0 1
110213764 0 1
110314456 0 1
110415136 25 0
110515860 0 0
110616552 0 0
110717236 0 0
110817924 0 0
110918616 6 0
111019304 27 0
111120028 37 0
111220764 28 0
111321492 0 0
111422184 0 0
111522872 10 0
111623596 4 0
111724288 12 0
111825032 0 0
111925712 9 0
112026404 1 0
112127096 0 0
112227780 0 0
112328476 0 0
112429168 0 0
112529856 0 0
112630544 0 0
112731232 2 0
112831916 0 0
112932612 16 0
113033348 2 0
113134032 0 0
113234720 10 0
113335460 0 0
113436148 0 0
