53299564 0
53400128 0

12 278
100492 223
201052 218
301616 229
402180 123
502748 144
603316 104
703880 129
804440 96
904960 60
1005488 72
1106052 0
1206572 0
1307092 0
1407612 0
1508140 0
1608668 0
1709188 0
1809708 316
1910316 72
2010888 129
2111500 120
2212108 0
2312628 44
2413192 48
2513760 28
2614328 77
2714896 3
2815412 0
2915932 0
3016460 0
3116988 0
3217508 0
3318028 0
3418548 17
3519112 109
3619724 0
3720248 0
3820764 0
3921284 7
4021804 80
4122372 0
4222896 0
4323412 0
4423932 0
4524452 0
4624972 0
4725496 0
4826020 0
4926540 7
5027060 0
5127580 1
5228100 23
5328676 0
5429200 0
5529716 52
5630280 7
5730796 0
5831316 0
5931844 0
6032372 0
6132892 0
6233412 27
6333976 37
6434552 122
6535164 230
6635780 72
6736344 48
6836908 52
6937480 53
7038060 25
7138628 0
7239148 0
7339668 0
7440196 0
7540724 0
7641244 0
7741764 0
7842284 38
7942856 105
8043476 59
8144040 56
8244600 56
8345160 10
8445736 26
8546308 0
8646832 0
8747352 0
8847868 0
8948396 0
9048924 0
9149452 0
9249972 104
9350580 162
9451196 153
9551812 76
9652380 26
9752944 25
9853504 9
9954032 0
10054556 0
10155120 0
10255684 0
10356248 0
10456816 0
10557388 67
10657996 77
10758604 61
10859216 47
10959828 38
11060436 79
11161044 0
11261616 0
11362184 0
11462752 0
11563320 0
11663888 0
11764460 2
11865032 0
11965600 0
