1062723580 0 0
1062824316 0 0
1062925052 0 0
1063025788 0 0
1063126520 0 0

12 0 1
100476 0 1
201024 0 1
301568 53 1
402164 0 1
502720 44 1
603308 170 1
703944 32 1
804544 20 1
905140 18 1
1005732 0 1
1106324 0 1
1206916 0 1
1307516 0 1
1408116 37 1
1508752 41 1
1609392 0 1
1709988 32 1
1810628 66 1
1911264 0 1
2011868 24 1
2112520 0 1
2213108 0 1
2313704 264 1
2414400 38 1
2515040 18 1
2615676 36 1
2716316 41 0
2816964 37 0
2917600 28 0
3018236 25 0
3118880 26 0
3219520 16 0
3320152 9 0
3420740 4 0
3521340 0 0
3621940 0 0
3722536 0 0
3823128 0 0
3923724 0 0
4024332 0 0
4124924 0 0
4225516 0 0
4326116 0 0
4426720 0 0
4527312 0 0
4627912 0 0
4728512 0 0
4829112 0 0
4929708 1 0
5030300 16 0
5130948 24 0
5231592 14 0
5332228 9 0
5432820 21 1
5533464 23 1
5634112 83 1
5734752 0 1
5835344 83 1
5935984 0 1
6036588 178 1
6137272 1 1
6237880 0 1
6338476 0 1
6439072 110 1
6539752 115 1
6640440 0 1
6741036 0 1
6841632 0 1
6942220 0 1
7042820 0 1
7143420 0 1
7244024 0 1
7344616 0 1
7445216 0 1
7545812 0 1
7646408 0 1
7747000 16 1
7847640 331 1
7948324 101 1
8049008 80 1
8149640 109 1
8250336 36 1
8350972 41 0
8451616 22 0
8552260 5 0
8652860 1 0
8753456 0 0
8854048 0 0
8954648 0 0
9055248 0 0
9155848 0 0
9256440 0 0
9357044 0 0
9457644 0 0
9558240 0 0
9658832 0 0
9759432 0 0
9860032 0 0
9960624 0 0
10061224 0 0
10161864 0 0
10262512 8 0
10363148 16 0
10463832 17 0
10564520 6 0
10665152 0 1
10765788 61 1
10866476 59 1
10967164 7 1
11067804 66 1
11168492 7 1
11269136 5 1
11369776 49 1
11470456 0 1
11571100 49 1
11671784 0 1
11772428 0 1
11873076 10 1
11973764 0 1
12074404 59 1
12175092 293 1
12275828 0 1
12376468 0 1
12477112 0 1
12577756 0 1
12678396 0 1
12779040 0 1
12879684 0 1
12980328 60 1
13081016 0 1
13181660 0 1
13282308 39 1
13382992 0 1
13483628 185 1
13584360 0 1
13684996 0 1
13785636 0 1
13886280 158 1
13987016 3 1
14087652 0 1
14188296 0 1
14288940 0 1
14389580 17 1
14490264 0 1
14590904 22 1
14691592 0 1
14792228 0 1
14892872 96 1
14993556 0 1
15094196 0 1
15194844 124 1
15295580 0 1
15396224 0 1
15496860 13 1
15597548 92 1
15698232 0 1
15798876 51 1
15899568 27 1
16000248 34 0
16100924 35 0
16201612 25 0
16302304 22 0
16402984 18 0
16503680 11 0
16604364 7 0
16705004 0 0
16805652 0 0
16906296 0 0
17006936 0 0
17107576 0 0
17208216 0 0
17308852 0 0
17409492 0 0
17510136 0 0
17610788 0 0
17711428 0 0
17812068 0 0
17912716 0 0
18013364 0 0
18114004 0 0
18214648 0 0
18315288 6 0
18415924 15 0
18516612 20 0
18617300 35 0
18717984 34 0
18818672 26 0
18919364 0 1
19020004 64 1
19120692 7 1
19221340 58 1
19322028 66 1
19422712 0 1
19523356 0 1
19624000 0 1
19724644 0 1
19825284 0 1
19925928 0 1
20026564 0 1
20127204 0 1
20227848 0 1
20328488 0 0
20429124 0 0
20529764 0 0
20630408 0 0
20731056 0 0
20831700 0 0
20932348 0 0
21032996 0 0
21133640 7 0
21234276 15 0
21334964 21 0
21435648 24 0
21536328 28 0
21637020 28 0
21737704 29 0
21838384 31 0
21939068 11 0
22039760 0 0
22140396 0 1
22241044 1 1
22341696 0 1
22442332 123 1
22543064 0 1
22643716 48 1
22744400 22 1
22845088 0 1
22945732 64 1
23046416 0 1
23147052 33 1
23247744 0 1
23348384 0 1
23449020 0 1
23549668 0 1
23650316 0 1
23750956 75 1
23851640 0 1
23952280 0 1
24052916 101 1
24153644 139 1
24254380 265 1
24355108 96 1
24455792 32 1
24556480 81 1
24657172 171 1
24757904 0 1
24858548 25 1
24959232 0 1
25059876 0 1
25160524 6 1
25261176 3 1
25361812 1 1
25462460 0 0
25563108 0 0
25663748 0 0
25764388 0 0
25865032 0 0
25965676 0 0
26066316 0 0
26166964 0 0
26267612 0 0
26368248 0 0
26468884 0 0
26569528 0 0
26670176 0 0
26770820 0 0
26871464 4 0
26972104 12 0
27072784 17 0
27173472 22 0
27274160 25 0
27374840 10 0
27475520 25 0
27576212 29 0
27676896 26 0
27777584 17 0
27878268 15 0
27978960 7 0
28079596 3 0
28180244 0 0
28280892 0 0
28381532 0 0
28482172 0 0
28582816 0 0
28683452 0 0
28784092 0 0
28884740 0 0
28985388 0 0
29086028 0 0
29186668 0 1
29287316 0 1
29387956 88 1
29488640 20 1
29589328 291 1
29690060 204 1
29790788 25 1
29891480 148 1
29992204 0 1
30092844 17 1
30193532 0 1
30294180 88 1
30394864 374 1
30495596 140 1
30596336 88 1
30697016 7 1
30797660 32 1
30898352 38 0
30999032 8 0
31099684 0 0
31200332 0 0
31300972 0 0
31401612 0 0
31502260 0 0
31602900 0 0
31703540 0 0
31804188 0 0
31904836 0 0
32005476 0 0
32106116 0 0
32206764 0 0
32307404 0 0
32408044 0 0
32508688 0 0
32609332 0 0
32709972 0 0
32810616 0 0
32911256 6 0
33011900 13 0
33112584 15 0
33213268 11 0
33313960 23 0
33414640 53 1
33515324 0 1
33615972 0 1
33716612 0 1
33817256 163 1
33917988 0 1
34018628 109 1
34119360 0 1
34220000 220 1
34320724 1 1
34421364 0 1
34522008 0 1
34622644 210 1
34723372 0 1
34824020 0 1
34924664 0 1
35025300 90 1
35125992 0 1
35226640 0 1
35327276 0 1
35427916 350 1
35528656 0 1
35629292 0 1
35729932 11 1
35830624 22 0
35931312 12 0
36032004 11 0
36132692 15 0
36233380 19 0
36334064 24 0
36434760 26 0
36535448 31 0
36636132 34 0
36736824 25 0
36837508 20 0
36938196 16 0
37038888 11 0
37139576 6 0
37240212 0 0
37340860 0 0
37441508 0 0
37542148 0 0
37642792 0 0
37743436 0 0
37844084 0 0
37944724 0 0
38045372 0 0
38146020 0 0
38246660 0 0
38347300 0 0
38447952 0 0
38548596 0 0
38649236 0 0
38749884 0 0
38850532 0 0
38951176 0 0
39051812 10 0
39152504 16 0
39253200 20 0
39353888 25 0
39454576 27 0
39555272 27 0
39655952 27 0
39756648 26 0
39857344 23 0
39958024 3 0
40058676 16 0
40159368 0 0
40260004 43 1
40360692 6 1
40461340 0 1
40561980 0 1
40662620 181 1
40763356 147 1
40864084 0 1
40964724 41 1
41065412 0 1
41166052 0 1
41266692 0 1
41367340 164 1
41468076 0 1
41568716 0 0
41669364 17 0
41770052 0 0
41870692 0 0
41971332 0 0
42071976 0 0
42172612 5 0
42273252 10 0
42373940 17 0
42474628 20 0
42575316 23 0
42676008 26 0
42776700 26 0
42877384 24 0
42978076 21 0
43078768 19 0
43179448 13 0
43280144 9 0
43380784 3 0
43481432 0 0
43582072 0 0
43682716 0 0
43783356 0 0
43884000 0 0
43984640 0 0
44085284 0 0
44185924 0 0
44286564 0 0
44387212 0 0
44487864 0 0
44588500 0 0
44689148 0 0
44789796 0 0
44890436 0 0
44991076 0 0
45091724 0 0
45192372 0 0
45293012 0 0
45393660 0 1
45494308 4 1
45594948 0 1
45695588 50 1
45796280 0 1
45896916 0 1
45997556 12 1
46098248 0 1
46198896 0 1
46299540 0 1
46400188 32 1
46500880 24 1
46601560 31 1
46702240 18 0
46802932 0 0
46903572 0 0
47004212 0 0
47104860 0 0
47205508 0 0
47306148 0 0
47406796 0 0
47507444 0 0
47608084 0 0
47708724 0 0
47809372 0 0
47910020 0 0
48010664 0 0
48111304 0 0
48211952 0 0
48312588 0 0
48413232 0 0
48513876 14 0
48614568 8 0
48715204 15 0
48815896 18 0
48916592 21 0
49017284 23 0
49117980 20 0
49218672 26 0
49319360 24 1
49420044 0 1
49520692 30 1
49621376 13 1
49722072 0 1
49822732 302 1
49923460 81 1
50024148 165 1
50124880 0 1
50225516 0 1
50326160 15 1
50426848 4 1
50527492 0 1
50628136 41 1
50728824 0 1
50829476 0 1
50930116 289 1
51030852 283 1
51131588 274 1
51232320 0 1
51332968 0 1
51433608 98 1
51534296 0 1
51634948 0 1
51735596 82 1
51836280 12 1
51936968 222 1
52037700 0 1
52138340 51 1
52239032 233 1
52339772 130 1
52440500 0 1
52541144 46 1
52641836 0 1
52742476 0 1
52843116 0 1
52943760 0 1
53044400 0 1
53145036 51 1
53245732 115 1
53346468 0 1
53447108 0 1
53547756 37 1
53648448 0 1
53749084 0 1
53849724 51 1
53950412 0 1
54051052 0 1
54151692 0 1
54252336 0 1
54352980 0 1
54453620 14 1
54554308 30 0
54655000 15 0
54755680 9 0
54856316 10 0
54957008 15 0
55057696 17 0
55158376 17 0
55259068 21 0
55359756 22 0
55460440 23 0
55561128 18 0
55661808 15 0
55762488 13 0
55863172 9 0
55963820 4 0
56064460 1 0
56165104 0 0
56265748 0 0
56366388 0 0
56467028 0 0
56567676 0 0
56668324 0 0
56768964 0 0
56869612 0 0
56970260 0 0
57070900 0 0
57171540 0 0
57272188 0 0
57372836 0 0
57473476 0 0
57574124 0 0
57674772 0 0
57775412 0 0
57876052 2 0
57976700 0 0
58077348 10 0
58178032 15 0
58278720 19 0
58379408 25 0
58480088 26 0
58580780 27 0
58681472 26 0
58782152 23 0
58882844 17 0
58983532 13 0
59084216 9 0
59184860 4 0
59285516 0 0
59386160 0 0
59486796 0 0
59587444 0 0
59688092 0 0
59788732 0 0
59889384 0 0
59990028 0 0
60090676 0 0
60191320 0 0
60291964 0 0
60392612 0 0
60493252 0 0
60593900 0 0
60694548 0 0
60795188 0 0
60895832 0 0
60996480 0 0
61097124 0 1
61197764 21 1
61298456 0 1
61399108 99 1
61499796 137 1
61600532 168 1
61701268 86 1
61801952 0 1
61902604 164 1
62003340 33 1
62104024 0 1
62204676 0 1
62305324 43 1
62406008 0 1
62506652 0 1
62607300 9 1
62707948 26 0
62808636 22 0
62909328 3 0
63009976 0 0
63110612 0 0
63211260 0 0
63311908 0 0
63412552 0 0
63513188 0 0
63613836 0 0
63714484 0 0
63815124 0 0
63915772 0 0
64016420 0 0
64117060 0 0
64217700 0 0
64318348 2 0
64418996 7 0
64519636 12 0
64620328 16 0
64721016 21 0
64821696 22 0
64922392 26 0
65023080 27 0
65123764 27 0
65224456 25 0
65325144 12 0
65425824 14 0
65526512 11 0
65627200 3 0
65727840 0 0
65828476 0 0
65929120 0 0
66029756 0 0
66130396 0 0
66231044 0 0
66331692 0 0
66432336 0 0
66532972 0 0
66633620 0 0
66734260 0 0
66834900 0 0
66935548 0 0
67036196 0 0
67136836 0 0
67237476 0 0
67338120 0 0
67438764 0 0
67539404 0 0
67640052 7 0
67740696 8 0
67841344 0 0
67941980 26 1
68042672 0 1
68143316 13 1
68244000 101 1
68344728 0 1
68445364 0 1
68546004 0 1
68646652 0 1
68747300 0 1
68847940 85 1
68948624 293 1
69049364 0 1
69150004 108 1
69250744 10 1
69351436 0 1
69452080 0 1
69552720 28 1
69653408 0 1
69754044 277 1
69854772 148 1
69955512 115 1
70056236 0 1
70156876 1 1
70257524 0 1
70358172 20 1
70458860 82 1
70559552 0 1
70660196 0 1
70760836 0 1
70861484 141 1
70962216 1 1
71062852 53 1
71163540 0 1
71264188 0 1
71364832 0 1
71465472 92 1
71566164 10 1
71666856 24 1
71767548 143 1
71868284 90 1
71968976 0 1
72069620 0 1
72170268 102 1
72271004 20 1
72371688 0 1
72472332 0 1
72572980 0 1
72673620 0 1
72774260 0 1
72874908 0 1
72975548 5 0
73076188 0 0
73176836 0 0
73277484 0 0
73378128 0 0
73478768 0 0
73579412 0 0
73680056 0 0
73780692 0 0
73881336 0 0
73981980 2 0
74082624 12 0
74183304 23 0
74284000 45 0
74384688 58 0
74485376 53 0
74586072 0 0
74686708 31 0
74787396 36 0
