301332 0 45
401804 0 14
502276 0 0
602748 0 0
703224 0 0
803696 0 0
904168 0 0
1004636 0 21
1105152 0 0
1205664 0 0
1306176 0 0
1406692 0 0
1507220 0 0
1607732 0 0
1708248 0 0
1808760 0 0
1909272 0 0
2009792 0 0
2110308 0 0
2210832 0 0
2311348 0 40
2411856 5 0
2512368 14 0
2612928 23 23
2713488 31 0
2814052 41 0
2914612 49 0
3015172 54 156
3115740 57 42
3216308 59 0
3316872 62 152
3417428 57 0
3517988 51 0
3618556 49 100
3719128 38 181
3819684 17 124
3920244 3 0
4020760 16 21
4121320 0 0
4221836 0 0
4322360 0 0
4422872 0 0
4523384 0 0
4623896 0 0
4724416 0 0
4824936 0 0
4925456 0 0
5025968 0 0
5126480 0 0
5226992 0 0
5327508 0 0
5428020 0 0
5528540 0 0
5629056 330 8
5729656 210 16
5830256 0 31
5930780 19 32
6031340 0 38
6131856 182 46
6232460 4 52
6332968 0 47
6433492 41 49
6534048 153 46
6634648 70 22
6735204 0 30
6835720 14 1
6936288 0 28
7036808 26 0
7137372 0 0
7237888 80 0
7338444 25 0
7439004 43 0
7539572 14 12
7640140 0 0
7740656 0 0
7841168 0 0
7941680 0 0
8042200 0 10
8142720 0 0
8243240 46 0
8343796 0 0
8444312 13 150
8544868 0 0
8645388 0 112
8745912 0 0
8846424 0 0
8946936 0 23
9047452 0 90
9147968 0 7
9248488 0 0
9349004 0 0
9449528 0 30
9550040 0 112
9650552 0 105
9751064 0 254
9851588 0 0
9952108 0 31
10052624 0 26
10153180 0 0
10253744 25 7
10354348 105 102
10455004 125 14
10555652 70 0
10656256 47 0
10756860 45 0
10857468 14 0
10958072 0 0
11058628 0 0
11159188 0 0
11259756 0 0
11360324 0 0
11460884 21 9
11561492 0 5
11662052 0 0
11762620 0 0
11863180 0 0
11963740 0 0
12064300 0 0
12164868 0 0
12265436 0 0
12366000 0 0
12466556 0 0
12567116 0 0
12667684 0 0
12768252 40 0
12868856 0 0
12969412 0 0
13069972 23 0
13170584 0 0
13271140 0 0
13371700 0 0
13472260 156 0
13572916 42 0
13673528 0 0
13774084 152 5
13874732 0 14
13975300 0 23
14075868 100 31
14176520 181 41
14277168 124 49
14377820 0 54
14478388 21 57
14578992 0 59
14679552 0 62
14780116 0 57
14880684 0 51
14981248 0 49
15081804 0 38
15182364 0 17
15282932 0 3
15383500 0 16
15484060 0 0
15584620 0 0
15685180 0 0
15785748 0 0
15886316 0 0
15986876 0 0
16087440 8 0
16187996 16 0
16288608 31 0
16389216 32 0
16489820 38 0
16590416 46 0
16691020 52 0
16791632 47 0
16892240 49 0
16992840 46 330
17093448 22 210
17194060 30 0
17294656 1 19
17395212 28 0
17495824 0 182
17596388 0 4
17696956 0 0
17797508 0 41
17898068 0 153
17998636 12 70
18099248 0 0
18199804 0 14
18300368 0 0
18400928 0 26
18501492 10 0
18602104 0 80
18702660 0 25
18803220 0 43
18903788 150 14
19004444 0 0
19105008 112 0
19205656 0 0
19306220 0 0
19406788 23 0
19507396 90 0
19607992 7 46
19708552 0 0
19809116 0 13
19909684 30 0
20010288 112 0
20110932 105 0
20211588 254 0
20312244 0 0
20412808 31 0
20513408 26 0
20614016 0 0
20714580 7 0
20815140 102 0
20915788 14 0
21016400 0 0
21116960 0 0
21217516 0 0
21318076 0 0
21418636 0 0
21519204 0 0
21619776 0 25
21720332 0 105
21820892 0 125
21921284 9 70
22021752 5 47
22122224 0 45
22222696 0 14
22323168 0 0
22423640 0 0
22524116 0 0
22624588 0 0
22725060 0 0
22825528 0 21
22926044 0 0
23026556 0 0
23127068 0 0
23227584 0 0
23328112 0 0
23428624 0 0
23529140 0 0
23629652 0 0
23730164 0 0
23830684 0 0
23931200 0 0
24031724 0 0
24132240 0 40
24232748 5 0
24333260 14 0
24433820 23 23
24534380 31 0
24634944 41 0
24735504 49 0
24836064 54 156
24936632 57 42
25037200 59 0
25137764 62 152
25238320 57 0
25338880 51 0
25439448 49 100
25540020 38 181
25640576 17 124
25741136 3 0
25841652 16 21
25942212 0 0
26042728 0 0
26143252 0 0
26243764 0 0
26344276 0 0
26444788 0 0
26545308 0 0
26645828 0 0
26746348 0 0
26846860 0 0
26947372 0 0
27047884 0 0
27148400 0 0
27248912 0 0
27349432 0 0
27449948 330 8
27550548 210 16
27651148 0 31
27751672 19 32
27852232 0 38
27952748 182 46
28053352 4 52
28153860 0 47
28254384 41 49
28354940 153 46
28455540 70 22
28556096 0 30
28656612 14 1
28757180 0 28
28857700 26 0
28958264 0 0
29058780 80 0
29159336 25 0
29259896 43 0
29360464 14 12
29461032 0 0
29561548 0 0
29662060 0 0
29762572 0 0
29863092 0 10
29963612 0 0
30064132 46 0
30164688 0 0
30265204 13 150
30365760 0 0
30466280 0 112
30566804 0 0
30667316 0 0
30767828 0 23
30868344 0 90
30968860 0 7
31069380 0 0
31169896 0 0
31270420 0 30
31370932 0 112
31471444 0 105
31571956 0 254
31672480 0 0
31773000 0 31
31873516 0 26
31974072 0 0
32074636 25 7
32175240 105 102
32275896 125 14
32376544 70 0
32477148 47 0
32577752 45 0
32678360 14 0
32778964 0 0
32879520 0 0
32980080 0 0
33080648 0 0
33181216 0 0
33281776 21 9
33382384 0 5
33482944 0 0
33583512 0 0
33684072 0 0
33784632 0 0
33885192 0 0
33985760 0 0
34086328 0 0
34186892 0 0
34287448 0 0
34388008 0 0
34488576 0 0
34589144 40 0
34689748 0 0
34790304 0 0
34890864 23 0
34991476 0 0
35092032 0 0
35192592 0 0
35293152 156 0
35393808 42 0
35494420 0 0
35594976 152 5
35695624 0 14
35796192 0 23
35896760 100 31
35997412 181 41
36098060 124 49
36198712 0 54
36299280 21 57
36399884 0 59
36500444 0 62
36601008 0 57
36701576 0 51
36802140 0 49
36902696 0 38
37003256 0 17
37103824 0 3
37204392 0 16
37304952 0 0
37405512 0 0
37506072 0 0
37606640 0 0
37707208 0 0
37807768 0 0
37908332 8 0
38008888 16 0
38109500 31 0
38210108 32 0
38310712 38 0
38411308 46 0
38511912 52 0
38612524 47 0
38713132 49 0
38813732 46 330
38914340 22 210
39014952 30 0
39115548 1 19
39216104 28 0
39316716 0 182
39417280 0 4
39517848 0 0
39618400 0 41
39718960 0 153
39819528 12 70
39920140 0 0
40020696 0 14
40121260 0 0
40221820 0 26
40322384 10 0
40422996 0 80
40523552 0 25
40624112 0 43
40724680 150 14
40825336 0 0
40925900 112 0
41026548 0 0
41127112 0 0
41227680 23 0
41328288 90 0
41428884 7 46
41529444 0 0
41630008 0 13
41730576 30 0
41831180 112 0
41931824 105 0
42032480 254 0
42133136 0 0
42233700 31 0
42334300 26 0
42434908 0 0
42535472 7 0
42636032 102 0
42736680 14 0
42837292 0 0
42937852 0 0
43038408 0 0
43138968 0 0
43239528 0 0
43340096 0 0
43440668 0 25
43541224 0 105
43641784 0 125
43742176 9 70
43842644 5 47
43943116 0 45
44043588 0 14
44144060 0 0
44244532 0 0
44345008 0 0
44445480 0 0
44545952 0 0
44646420 0 21
44746936 0 0
44847448 0 0
44947960 0 0
45048476 0 0
45149004 0 0
45249516 0 0
45350032 0 0
45450544 0 0
45551056 0 0
45651576 0 0
45752092 0 0
45852616 0 0
45953132 0 40
46053640 5 0
46154152 14 0
46254712 23 23
46355272 31 0
46455836 41 0
46556396 49 0
46656956 54 156
46757524 57 42
46858092 59 0
46958656 62 152
47059212 57 0
47159772 51 0
47260340 49 100
47360912 38 181
47461468 17 124
47562028 3 0
47662544 16 21
47763104 0 0
47863620 0 0
47964144 0 0
48064656 0 0
48165168 0 0
48265680 0 0
48366200 0 0
48466720 0 0
48567240 0 0
48667752 0 0
48768264 0 0
48868776 0 0
48969292 0 0
49069804 0 0
49170324 0 0
49270840 330 8
49371440 210 16
49472040 0 31
49572564 19 32
49673124 0 38
49773640 182 46
49874244 4 52
49974752 0 47
50075276 41 49
50175832 153 46
50276432 70 22
50376988 0 30
50477504 14 1
50578072 0 28
50678592 26 0
50779156 0 0
50879672 80 0
50980228 25 0
51080788 43 0
51181356 14 12
51281924 0 0
51382440 0 0
51482952 0 0
51583464 0 0
51683984 0 10
51784504 0 0
51885024 46 0
51985580 0 0
52086096 13 150
52186652 0 0
52287172 0 112
52387696 0 0
52488208 0 0
52588720 0 23
52689236 0 90
52789752 0 7
52890272 0 0
52990788 0 0
53091312 0 30
53191824 0 112
53292336 0 105
53392848 0 254
53493372 0 0
53593892 0 31
53694408 0 26
53794964 0 0
53895528 25 7
53996132 105 102
54096788 125 14
54197436 70 0
54298040 47 0
54398644 45 0
54499252 14 0
54599856 0 0
54700412 0 0
54800972 0 0
54901540 0 0
55002108 0 0
55102668 21 9
55203276 0 5
55303836 0 0
55404404 0 0
55504964 0 0
55605524 0 0
55706084 0 0
55806652 0 0
55907220 0 0
56007784 0 0
56108340 0 0
56208900 0 0
56309468 0 0
56410036 40 0
56510640 0 0
56611196 0 0
56711756 23 0
56812368 0 0
56912924 0 0
57013484 0 0
57114044 156 0
57214700 42 0
57315312 0 0
57415868 152 5
57516516 0 14
57617084 0 23
57717652 100 31
57818304 181 41
57918952 124 49
58019604 0 54
58120172 21 57
58220776 0 59
58321336 0 62
58421900 0 57
58522468 0 51
58623032 0 49
58723588 0 38
58824148 0 17
58924716 0 3
59025284 0 16
59125844 0 0
59226404 0 0
59326964 0 0
59427532 0 0
59528100 0 0
59628660 0 0
59729224 8 0
59829780 16 0
59930392 31 0
60031000 32 0
60131604 38 0
60232200 46 0
60332804 52 0
60433416 47 0
60534024 49 0
60634624 46 330
60735232 22 210
60835844 30 0
60936440 1 19
61036996 28 0
61137608 0 182
61238172 0 4
61338740 0 0
61439292 0 41
61539852 0 153
61640420 12 70
61741032 0 0
61841588 0 14
61942152 0 0
62042712 0 26
62143276 10 0
62243888 0 80
62344444 0 25
62445004 0 43
62545572 150 14
62646228 0 0
62746792 112 0
62847440 0 0
62948004 0 0
63048572 23 0
63149180 90 0
63249776 7 46
63350336 0 0
63450900 0 13
63551468 30 0
63652072 112 0
63752716 105 0
63853372 254 0
63954028 0 0
64054592 31 0
64155192 26 0
64255800 0 0
64356364 7 0
64456924 102 0
64557572 14 0
64658184 0 0
64758744 0 0
64859300 0 0
64959860 0 0
65060420 0 0
65160988 0 0
65261560 0 25
65362116 0 105
65462676 0 125
65563068 9 70
65663536 5 47
65764008 0 45
65864480 0 14
65964952 0 0
66065424 0 0
66165900 0 0
66266372 0 0
66366844 0 0
66467312 0 21
66567828 0 0
66668340 0 0
66768852 0 0
66869368 0 0
66969896 0 0
67070408 0 0
67170924 0 0
67271436 0 0
67371948 0 0
67472468 0 0
67572984 0 0
67673508 0 0
67774024 0 40
67874532 5 0
67975044 14 0
68075604 23 23
68176164 31 0
68276728 41 0
68377288 49 0
68477848 54 156
68578416 57 42
68678984 59 0
68779548 62 152
68880104 57 0
68980664 51 0
69081232 49 100
69181804 38 181
69282360 17 124
69382920 3 0
69483436 16 21
69583996 0 0
69684512 0 0
69785036 0 0
69885548 0 0
69986060 0 0
70086572 0 0
70187092 0 0
70287612 0 0
70388132 0 0
70488644 0 0
70589156 0 0
70689668 0 0
70790184 0 0
70890696 0 0
70991216 0 0
71091732 330 8
71192332 210 16
71292932 0 31
71393456 19 32
71494016 0 38
71594532 182 46
71695136 4 52
71795644 0 47
71896168 41 49
71996724 153 46
72097324 70 22
72197880 0 30
72298396 14 1
72398964 0 28
72499484 26 0
72600048 0 0
72700564 80 0
72801120 25 0
72901680 43 0
73002248 14 12
73102816 0 0
73203332 0 0
73303844 0 0
73404356 0 0
73504876 0 10
73605396 0 0
73705916 46 0
73806472 0 0
73906988 13 150
74007544 0 0
74108064 0 112
74208588 0 0
74309100 0 0
74409612 0 23
74510128 0 90
74610644 0 7
74711164 0 0
74811680 0 0
74912204 0 30
75012716 0 112
75113228 0 105
75213740 0 254
75314264 0 0
75414784 0 31
75515300 0 26
75615856 0 0
75716420 25 7
75817024 105 102
75917680 125 14
76018328 70 0
76118932 47 0
76219536 45 0
76320144 14 0
76420748 0 0
76521304 0 0
76621864 0 0
76722432 0 0
76823000 0 0
76923560 21 9
77024168 0 5
77124728 0 0
77225296 0 0
77325856 0 0
77426416 0 0
77526976 0 0
77627544 0 0
77728112 0 0
77828676 0 0
77929232 0 0
78029792 0 0
78130360 0 0
78230928 40 0
78331532 0 0
78432088 0 0
78532648 23 0
78633260 0 0
78733816 0 0
78834376 0 0
78934936 156 0
79035592 42 0
79136204 0 0
79236760 152 5
79337408 0 14
79437976 0 23
79538544 100 31
79639196 181 41
79739844 124 49
79840496 0 54
79941064 21 57
80041668 0 59
80142228 0 62
80242792 0 57
80343360 0 51
80443924 0 49
80544480 0 38
80645040 0 17
80745608 0 3
80846176 0 16
80946736 0 0
81047296 0 0
81147856 0 0
81248424 0 0
81348992 0 0
81449552 0 0
81550116 8 0
81650672 16 0
81751284 31 0
81851892 32 0
81952496 38 0
82053092 46 0
82153696 52 0
82254308 47 0
82354916 49 0
82455516 46 330
82556124 22 210
82656736 30 0
82757332 1 19
82857888 28 0
82958500 0 182
83059064 0 4
83159632 0 0
83260184 0 41
83360744 0 153
83461312 12 70
83561924 0 0
83662480 0 14
83763044 0 0
83863604 0 26
83964168 10 0
84064780 0 80
84165336 0 25
84265896 0 43
84366464 150 14
84467120 0 0
84567684 112 0
84668332 0 0
84768896 0 0
84869464 23 0
84970072 90 0
85070668 7 46
85171228 0 0
85271792 0 13
85372360 30 0
85472964 112 0
85573608 105 0
85674264 254 0
85774920 0 0
85875484 31 0
85976084 26 0
86076692 0 0
86177256 7 0
86277816 102 0
86378464 14 0
86479076 0 0
86579636 0 0
86680192 0 0
86780752 0 0
86881312 0 0
86981880 0 0
87082452 0 25
87183008 0 105
87283568 0 125
87383960 9 70
87484428 5 47
87584900 0 45
87685372 0 14
87785844 0 0
87886316 0 0
87986792 0 0
88087264 0 0
88187736 0 0
88288204 0 21
88388720 0 0
88489232 0 0
88589744 0 0
88690260 0 0
88790788 0 0
88891300 0 0
88991816 0 0
89092328 0 0
89192840 0 0
89293360 0 0
89393876 0 0
89494400 0 0
89594916 0 40
89695424 5 0
89795936 14 0
89896496 23 23
89997056 31 0
90097620 41 0
90198180 49 0
90298740 54 156
90399308 57 42
90499876 59 0
90600440 62 152
90700996 57 0
90801556 51 0
90902124 49 100
91002696 38 181
91103252 17 124
91203812 3 0
91304328 16 21
91404888 0 0
91505404 0 0
91605928 0 0
91706440 0 0
91806952 0 0
91907464 0 0
92007984 0 0
92108504 0 0
92209024 0 0
92309536 0 0
92410048 0 0
92510560 0 0
92611076 0 0
92711588 0 0
92812108 0 0
92912624 330 8
93013224 210 16
93113824 0 31
93214348 19 32
93314908 0 38
93415424 182 46
93516028 4 52
93616536 0 47
93717060 41 49
93817616 153 46
93918216 70 22
94018772 0 30
94119288 14 1
94219856 0 28
94320376 26 0
94420940 0 0
94521456 80 0
94622012 25 0
94722572 43 0
94823140 14 12
94923708 0 0
95024224 0 0
95124736 0 0
95225248 0 0
95325768 0 10
95426288 0 0
95526808 46 0
95627364 0 0
95727880 13 150
95828436 0 0
95928956 0 112
96029480 0 0
96129992 0 0
96230504 0 23
96331020 0 90
96431536 0 7
96532056 0 0
96632572 0 0
96733096 0 30
96833608 0 112
96934120 0 105
97034632 0 254
97135156 0 0
97235676 0 31
97336192 0 26
97436748 0 0
97537312 25 7
97637916 105 102
97738572 125 14
97839220 70 0
97939824 47 0
98040428 45 0
98141036 14 0
98241640 0 0
98342196 0 0
98442756 0 0
98543324 0 0
98643892 0 0
98744452 21 9
98845060 0 5
98945620 0 0
99046188 0 0
99146748 0 0
99247308 0 0
99347868 0 0
99448436 0 0
99549004 0 0
99649568 0 0
99750124 0 0
99850684 0 0
99951252 0 0
100051820 40 0
100152424 0 0
100252980 0 0
100353540 23 0
100454152 0 0
100554708 0 0
100655268 0 0
100755828 156 0
100856484 42 0
100957096 0 0
101057652 152 5
101158300 0 14
101258868 0 23
101359436 100 31
101460088 181 41
101560736 124 49
101661388 0 54
101761956 21 57
101862560 0 59
101963120 0 62
102063684 0 57
102164252 0 51
102264816 0 49
102365372 0 38
102465932 0 17
102566500 0 3
102667068 0 16
102767628 0 0
102868188 0 0
102968748 0 0
103069316 0 0
103169884 0 0
103270444 0 0
103371008 8 0
103471564 16 0
103572176 31 0
103672784 32 0
103773388 38 0
103873984 46 0
103974588 52 0
104075200 47 0
104175808 49 0
104276408 46 330
104377016 22 210
104477628 30 0
104578224 1 19
104678780 28 0
104779392 0 182
104879956 0 4
104980524 0 0
105081076 0 41
105181636 0 153
105282204 12 70
105382816 0 0
105483372 0 14
105583936 0 0
105684496 0 26
105785060 10 0
105885672 0 80
105986228 0 25
106086788 0 43
106187356 150 14
106288012 0 0
106388576 112 0
106489224 0 0
106589788 0 0
106690356 23 0
106790964 90 0
106891560 7 46
106992120 0 0
107092684 0 13
107193252 30 0
107293856 112 0
107394500 105 0
107495156 254 0
107595812 0 0
107696376 31 0
107796976 26 0
107897584 0 0
107998148 7 0
108098708 102 0
108199356 14 0
108299968 0 0
108400528 0 0
108501084 0 0
108601644 0 0
108702204 0 0
108802772 0 0
108903344 0 25
109003900 0 105
109104460 0 125
109204852 9 70
109305320 5 47
109405792 0 45
109506264 0 14
109606736 0 0
109707208 0 0
109807684 0 0
109908156 0 0
110008628 0 0
110109096 0 21
110209612 0 0
110310124 0 0
110410636 0 0
110511152 0 0
110611680 0 0
110712192 0 0
110812708 0 0
110913220 0 0
111013732 0 0
111114252 0 0
111214768 0 0
111315292 0 0
111415808 0 40
111516316 5 0
111616828 14 0
111717388 23 23
111817948 31 0
111918512 41 0
112019072 49 0
112119632 54 156
112220200 57 42
112320768 59 0
112421332 62 152
112521888 57 0
112622448 51 0
112723016 49 100
112823588 38 181
112924144 17 124
113024704 3 0
113125220 16 21
113225780 0 0
113326296 0 0
113426820 0 0
113527332 0 0
113627844 0 0
113728356 0 0
113828876 0 0
113929396 0 0
114029916 0 0
114130428 0 0
114230940 0 0
114331452 0 0
114431968 0 0
114532480 0 0
114633000 0 0
114733516 330 8
114834116 210 16
114934716 0 31
115035240 19 32
115135800 0 38
115236316 182 46
115336920 4 52
115437428 0 47
115537952 41 49
115638508 153 46
115739108 70 22
115839664 0 30
115940180 14 1
116040748 0 28
116141268 26 0
116241832 0 0
116342348 80 0
116442904 25 0
116543464 43 0
116644032 14 12
116744600 0 0
116845116 0 0
116945628 0 0
117046140 0 0
117146660 0 10
117247180 0 0
117347700 46 0
117448256 0 0
117548772 13 150
117649328 0 0
117749848 0 112
117850372 0 0
117950884 0 0
118051396 0 23
118151912 0 90
118252428 0 7
118352948 0 0
118453464 0 0
118553988 0 30
118654500 0 112
118755012 0 105
118855524 0 254
118956048 0 0
119056568 0 31
119157084 0 26
119257640 0 0
119358204 25 7
119458808 105 102
119559464 125 14
119660112 70 0
119760716 47 0
119861320 45 0
119961928 14 0
120062532 0 0
120163088 0 0
120263648 0 0
120364216 0 0
120464784 0 0
120565344 21 9
120665952 0 5
120766512 0 0
120867080 0 0
120967640 0 0
121068200 0 0
121168760 0 0
121269328 0 0
121369896 0 0
121470460 0 0
121571016 0 0
121671576 0 0
121772144 0 0
121872712 40 0
121973316 0 0
122073872 0 0
122174432 23 0
122275044 0 0
122375600 0 0
122476160 0 0
122576720 156 0
122677376 42 0
122777988 0 0
122878544 152 5
122979192 0 14
123079760 0 23
123180328 100 31
123280980 181 41
123381628 124 49
123482280 0 54
123582848 21 57
123683452 0 59
123784012 0 62
123884576 0 57
123985144 0 51
124085708 0 49
124186264 0 38
124286824 0 17
124387392 0 3
124487960 0 16
124588520 0 0
124689080 0 0
124789640 0 0
124890208 0 0
124990776 0 0
125091336 0 0
125191900 8 0
125292456 16 0
125393068 31 0
125493676 32 0
125594280 38 0
125694876 46 0
125795480 52 0
125896092 47 0
125996700 49 0
126097300 46 330
126197908 22 210
126298520 30 0
126399116 1 19
126499672 28 0
126600284 0 182
126700848 0 4
126801416 0 0
126901968 0 41
127002528 0 153
127103096 12 70
127203708 0 0
127304264 0 14
127404828 0 0
127505388 0 26
127605952 10 0
127706564 0 80
127807120 0 25
127907680 0 43
128008248 150 14
128108904 0 0
128209468 112 0
128310116 0 0
128410680 0 0
128511248 23 0
128611856 90 0
128712452 7 46
128813012 0 0
128913576 0 13
129014144 30 0
129114748 112 0
129215392 105 0
129316048 254 0
129416704 0 0
129517268 31 0
129617868 26 0
129718476 0 0
129819040 7 0
129919600 102 0
130020248 14 0
130120860 0 0
130221420 0 0
130321976 0 0
130422536 0 0
130523096 0 0
130623664 0 0
130724236 0 25
130824792 0 105
130925352 0 125
131025744 9 70
131126212 5 47
131226684 0 45
131327156 0 14
131427628 0 0
131528100 0 0
131628576 0 0
131729048 0 0
131829520 0 0
131929988 0 21
132030504 0 0
132131016 0 0
132231528 0 0
132332044 0 0
132432572 0 0
132533084 0 0
132633600 0 0
132734112 0 0
132834624 0 0
132935144 0 0
133035660 0 0
133136184 0 0
133236700 0 40
133337208 5 0
133437720 14 0
133538280 23 23
133638840 31 0
133739404 41 0
133839964 49 0
133940524 54 156
134041092 57 42
134141660 59 0
134242224 62 152
134342780 57 0
134443340 51 0
134543908 49 100
134644480 38 181
134745036 17 124
134845596 3 0
134946112 16 21
135046672 0 0
135147188 0 0
135247712 0 0
135348224 0 0
135448736 0 0
135549248 0 0
135649768 0 0
135750288 0 0
135850808 0 0
135951320 0 0
136051832 0 0
136152344 0 0
136252860 0 0
136353372 0 0
136453892 0 0
136554408 330 8
136655008 210 16
136755608 0 31
136856132 19 32
136956692 0 38
137057208 182 46
137157812 4 52
137258320 0 47
137358844 41 49
137459400 153 46
137560000 70 22
137660556 0 30
137761072 14 1
137861640 0 28
137962160 26 0
138062724 0 0
138163240 80 0
138263796 25 0
138364356 43 0
138464924 14 12
138565492 0 0
138666008 0 0
138766520 0 0
138867032 0 0
138967552 0 10
139068072 0 0
139168592 46 0
139269148 0 0
139369664 13 150
139470220 0 0
139570740 0 112
139671264 0 0
139771776 0 0
139872288 0 23
139972804 0 90
140073320 0 7
140173840 0 0
140274356 0 0
140374880 0 30
140475392 0 112
140575904 0 105
140676416 0 254
140776940 0 0
140877460 0 31
140977976 0 26
141078532 0 0
141179096 25 7
141279700 105 102
141380356 125 14
141481004 70 0
141581608 47 0
141682212 45 0
141782820 14 0
141883424 0 0
141983980 0 0
142084540 0 0
142185108 0 0
142285676 0 0
142386236 21 9
142486844 0 5
142587404 0 0
142687972 0 0
142788532 0 0
142889092 0 0
142989652 0 0
143090220 0 0
143190788 0 0
143291352 0 0
143391908 0 0
143492468 0 0
143593036 0 0
143693604 40 0
143794208 0 0
143894764 0 0
143995324 23 0
144095936 0 0
144196492 0 0
144297052 0 0
144397612 156 0
144498268 42 0
144598880 0 0
144699436 152 5
144800084 0 14
144900652 0 23
145001220 100 31
145101872 181 41
145202520 124 49
145303172 0 54
145403740 21 57
145504344 0 59
145604904 0 62
145705468 0 57
145806036 0 51
145906600 0 49
146007156 0 38
146107716 0 17
146208284 0 3
146308852 0 16
146409412 0 0
146509972 0 0
146610532 0 0
146711100 0 0
146811668 0 0
146912228 0 0
147012792 8 0
147113348 16 0
147213960 31 0
147314568 32 0
147415172 38 0
147515768 46 0
147616372 52 0
147716984 47 0
147817592 49 0
147918192 46 330
148018800 22 210
148119412 30 0
148220008 1 19
148320564 28 0
148421176 0 182
148521740 0 4
148622308 0 0
148722860 0 41
148823420 0 153
148923988 12 70
149024600 0 0
149125156 0 14
149225720 0 0
149326280 0 26
149426844 10 0
149527456 0 80
149628012 0 25
149728572 0 43
149829140 150 14
149929796 0 0
150030360 112 0
150131008 0 0
150231572 0 0
150332140 23 0
150432748 90 0
150533344 7 46
150633904 0 0
150734468 0 13
150835036 30 0
150935640 112 0
151036284 105 0
151136940 254 0
151237596 0 0
151338160 31 0
151438760 26 0
151539368 0 0
151639932 7 0
151740492 102 0
151841140 14 0
151941752 0 0
152042312 0 0
152142868 0 0
152243428 0 0
152343988 0 0
152444556 0 0
152545128 0 25
152645684 0 105
152746244 0 125
152846636 9 70
152947104 5 47
153047576 0 45
153148048 0 14
153248520 0 0
153348992 0 0
153449468 0 0
153549940 0 0
153650412 0 0
153750880 0 21
153851396 0 0
153951908 0 0
154052420 0 0
154152936 0 0
154253464 0 0
154353976 0 0
154454492 0 0
154555004 0 0
154655516 0 0
154756036 0 0
154856552 0 0
154957076 0 0
155057592 0 40
155158100 5 0
155258612 14 0
155359172 23 23
155459732 31 0
155560296 41 0
155660856 49 0
155761416 54 156
155861984 57 42
155962552 59 0
156063116 62 152
156163672 57 0
156264232 51 0
156364800 49 100
156465372 38 181
156565928 17 124
156666488 3 0
156767004 16 21
156867564 0 0
156968080 0 0
157068604 0 0
157169116 0 0
157269628 0 0
157370140 0 0
157470660 0 0
157571180 0 0
157671700 0 0
157772212 0 0
157872724 0 0
157973236 0 0
158073752 0 0
158174264 0 0
158274784 0 0
158375300 330 8
158475900 210 16
158576500 0 31
158677024 19 32
158777584 0 38
158878100 182 46
158978704 4 52
159079212 0 47
159179736 41 49
159280292 153 46
159380892 70 22
159481448 0 30
159581964 14 1
159682532 0 28
159783052 26 0
159883616 0 0
159984132 80 0
160084688 25 0
160185248 43 0
160285816 14 12
160386384 0 0
160486900 0 0
160587412 0 0
160687924 0 0
160788444 0 10
160888964 0 0
160989484 46 0
161090040 0 0
161190556 13 150
161291112 0 0
161391632 0 112
161492156 0 0
161592668 0 0
161693180 0 23
161793696 0 90
161894212 0 7
161994732 0 0
162095248 0 0
162195772 0 30
162296284 0 112
162396796 0 105
162497308 0 254
162597832 0 0
162698352 0 31
162798868 0 26
162899424 0 0
162999988 25 7
163100592 105 102
163201248 125 14
163301896 70 0
163402500 47 0
163503104 45 0
163603712 14 0
163704316 0 0
163804872 0 0
163905432 0 0
164006000 0 0
164106568 0 0
164207128 21 9
164307736 0 5
164408296 0 0
164508864 0 0
164609424 0 0
164709984 0 0
164810544 0 0
164911112 0 0
165011680 0 0
165112244 0 0
165212800 0 0
165313360 0 0
165413928 0 0
165514496 40 0
165615100 0 0
165715656 0 0
165816216 23 0
165916828 0 0
166017384 0 0
166117944 0 0
166218504 156 0
166319160 42 0
166419772 0 0
166520328 152 5
166620976 0 14
166721544 0 23
166822112 100 31
166922764 181 41
167023412 124 49
167124064 0 54
167224632 21 57
167325236 0 59
167425796 0 62
167526360 0 57
167626928 0 51
167727492 0 49
167828048 0 38
167928608 0 17
168029176 0 3
168129744 0 16
168230304 0 0
168330864 0 0
168431424 0 0
168531992 0 0
168632560 0 0
168733120 0 0
168833684 8 0
168934240 16 0
169034852 31 0
169135460 32 0
169236064 38 0
169336660 46 0
169437264 52 0
169537876 47 0
169638484 49 0
169739084 46 330
169839692 22 210
169940304 30 0
170040900 1 19
170141456 28 0
170242068 0 182
170342632 0 4
170443200 0 0
170543752 0 41
170644312 0 153
170744880 12 70
170845492 0 0
170946048 0 14
171046612 0 0
171147172 0 26
171247736 10 0
171348348 0 80
171448904 0 25
171549464 0 43
171650032 150 14
171750688 0 0
171851252 112 0
171951900 0 0
172052464 0 0
172153032 23 0
172253640 90 0
172354236 7 46
172454796 0 0
172555360 0 13
172655928 30 0
172756532 112 0
172857176 105 0
172957832 254 0
173058488 0 0
173159052 31 0
173259652 26 0
173360260 0 0
173460824 7 0
173561384 102 0
173662032 14 0
173762644 0 0
173863204 0 0
173963760 0 0
174064320 0 0
174164880 0 0
174265448 0 0
174366020 0 25
174466576 0 105
174567136 0 125
174667528 9 70
174767996 5 47
174868468 0 45
174968940 0 14
175069412 0 0
175169884 0 0
175270360 0 0
175370832 0 0
175471304 0 0
175571772 0 21
175672288 0 0
175772800 0 0
175873312 0 0
175973828 0 0
176074356 0 0
176174868 0 0
176275384 0 0
176375896 0 0
176476408 0 0
176576928 0 0
176677444 0 0
176777968 0 0
176878484 0 40
176978992 5 0
177079504 14 0
177180064 23 23
177280624 31 0
177381188 41 0
177481748 49 0
177582308 54 156
177682876 57 42
177783444 59 0
177884008 62 152
177984564 57 0
178085124 51 0
178185692 49 100
178286264 38 181
178386820 17 124
178487380 3 0
178587896 16 21
178688456 0 0
178788972 0 0
178889496 0 0
178990008 0 0
179090520 0 0
179191032 0 0
179291552 0 0
179392072 0 0
179492592 0 0
179593104 0 0
179693616 0 0
179794128 0 0
179894644 0 0
179995156 0 0
180095676 0 0
180196192 330 8
180296792 210 16
180397392 0 31
180497916 19 32
180598476 0 38
180698992 182 46
180799596 4 52
180900104 0 47
181000628 41 49
181101184 153 46
181201784 70 22
181302340 0 30
181402856 14 1
181503424 0 28
181603944 26 0
181704508 0 0
181805024 80 0
181905580 25 0
182006140 43 0
182106708 14 12
182207276 0 0
182307792 0 0
182408304 0 0
182508816 0 0
182609336 0 10
182709856 0 0
182810376 46 0
182910932 0 0
183011448 13 150
183112004 0 0
183212524 0 112
183313048 0 0
183413560 0 0
183514072 0 23
183614588 0 90
183715104 0 7
183815624 0 0
183916140 0 0
184016664 0 30
184117176 0 112
184217688 0 105
184318200 0 254
184418724 0 0
184519244 0 31
184619760 0 26
184720316 0 0
184820880 25 7
184921484 105 102
185022140 125 14
185122788 70 0
185223392 47 0
185323996 45 0
185424604 14 0
185525208 0 0
185625764 0 0
185726324 0 0
185826892 0 0
185927460 0 0
186028020 21 9
186128628 0 5
186229188 0 0
186329756 0 0
186430316 0 0
186530876 0 0
186631436 0 0
186732004 0 0
186832572 0 0
186933136 0 0
187033692 0 0
187134252 0 0
187234820 0 0
187335388 40 0
187435992 0 0
187536548 0 0
187637108 23 0
187737720 0 0
187838276 0 0
187938836 0 0
188039396 156 0
188140052 42 0
188240664 0 0
188341220 152 5
188441868 0 14
188542436 0 23
188643004 100 31
188743656 181 41
188844304 124 49
188944956 0 54
189045524 21 57
189146128 0 59
189246688 0 62
189347252 0 57
189447820 0 51
189548384 0 49
189648940 0 38
189749500 0 17
189850068 0 3
189950636 0 16
190051196 0 0
190151756 0 0
190252316 0 0
190352884 0 0
190453452 0 0
190554012 0 0
190654576 8 0
190755132 16 0
190855744 31 0
190956352 32 0
191056956 38 0
191157552 46 0
191258156 52 0
191358768 47 0
191459376 49 0
191559976 46 330
191660584 22 210
191761196 30 0
191861792 1 19
191962348 28 0
192062960 0 182
192163524 0 4
192264092 0 0
192364644 0 41
192465204 0 153
192565772 12 70
192666384 0 0
192766940 0 14
192867504 0 0
192968064 0 26
193068628 10 0
193169240 0 80
193269796 0 25
193370356 0 43
193470924 150 14
193571580 0 0
193672144 112 0
193772792 0 0
193873356 0 0
193973924 23 0
194074532 90 0
194175128 7 46
194275688 0 0
194376252 0 13
194476820 30 0
194577424 112 0
194678068 105 0
194778724 254 0
194879380 0 0
194979944 31 0
195080544 26 0
195181152 0 0
195281716 7 0
195382276 102 0
195482924 14 0
195583536 0 0
195684096 0 0
195784652 0 0
195885212 0 0
195985772 0 0
196086340 0 0
196186912 0 25
196287468 0 105
196388028 0 125
196488420 9 70
196588888 5 47
196689360 0 45
196789832 0 14
196890304 0 0
196990776 0 0
197091252 0 0
197191724 0 0
197292196 0 0
197392664 0 21
197493180 0 0
197593692 0 0
197694204 0 0
197794720 0 0
197895248 0 0
197995760 0 0
198096276 0 0
198196788 0 0
198297300 0 0
198397820 0 0
198498336 0 0
198598860 0 0
198699376 0 40
198799884 5 0
198900396 14 0
199000956 23 23
199101516 31 0
199202080 41 0
199302640 49 0
199403200 54 156
199503768 57 42
199604336 59 0
199704900 62 152
199805456 57 0
199906016 51 0
200006584 49 100
200107156 38 181
200207712 17 124
200308272 3 0
200408788 16 21
200509348 0 0
200609864 0 0
200710388 0 0
200810900 0 0
200911412 0 0
201011924 0 0
201112444 0 0
201212964 0 0
201313484 0 0
201413996 0 0
201514508 0 0
201615020 0 0
201715536 0 0
201816048 0 0
201916568 0 0
202017084 330 8
202117684 210 16
202218284 0 31
202318808 19 32
202419368 0 38
202519884 182 46
202620488 4 52
202720996 0 47
202821520 41 49
202922076 153 46
203022676 70 22
203123232 0 30
203223748 14 1
203324316 0 28
203424836 26 0
203525400 0 0
203625916 80 0
203726472 25 0
203827032 43 0
203927600 14 12
204028168 0 0
204128684 0 0
204229196 0 0
204329708 0 0
204430228 0 10
204530748 0 0
204631268 46 0
204731824 0 0
204832340 13 150
204932896 0 0
205033416 0 112
205133940 0 0
205234452 0 0
205334964 0 23
205435480 0 90
205535996 0 7
205636516 0 0
205737032 0 0
205837556 0 30
205938068 0 112
206038580 0 105
206139092 0 254
206239616 0 0
206340136 0 31
206440652 0 26
206541208 0 0
206641772 25 7
206742376 105 102
206843032 125 14
206943680 70 0
207044284 47 5
207144888 45 0
207245496 14 0
207346100 0 0
207446656 0 0
207547216 0 0
207647784 0 0
207748352 0 0
207848912 21 0
207949520 0 0
208050080 0 0
208150648 0 0
208251208 0 0
208351768 0 0
208452328 0 0
208552896 0 0
208653464 0 0
208754028 0 0
208854584 0 0
208955144 0 0
209055712 0 0
209156280 40 0
209256884 0 5
209357440 0 14
209458000 23 23
209558612 0 31
209659168 0 41
209759728 0 49
209860288 156 54
209960944 42 57
210061556 0 59
210162112 152 62
210262760 0 57
210363328 0 51
210463896 100 49
210564548 181 38
210665196 124 17
210765848 0 3
210866416 21 16
210967020 0 0
211067580 0 0
211168144 0 0
211268712 0 0
211369276 0 0
211469832 0 0
211570392 0 0
211670960 0 0
211771528 0 0
211872088 0 0
211972648 0 0
212073208 0 0
212173776 0 0
212274344 0 0
212374904 0 0
212475468 8 330
212576024 16 210
212676636 31 0
212777244 32 19
212877848 38 0
212978444 46 182
213079048 52 4
213179660 47 0
213280268 49 41
213380868 46 153
213481476 22 70
213582088 30 0
213682684 1 14
213783240 28 0
213883852 0 26
213984416 0 0
214084984 0 80
214185536 0 25
214286096 0 43
214386664 12 14
214487276 0 0
214587832 0 0
214688396 0 0
214788956 0 0
214889520 10 0
214990132 0 0
215090688 0 46
215191248 0 0
215291816 150 13
215392472 0 0
215493036 112 0
215593684 0 0
215694248 0 0
215794816 23 0
215895424 90 0
215996020 7 0
216096580 0 0
216197144 0 0
216297712 30 0
216398316 112 0
216498960 105 0
216599616 254 0
216700272 0 0
216800836 31 0
216901436 26 0
217002044 0 0
217102608 7 25
217203168 102 105
217303816 14 125
217404428 0 70
217504988 0 47
217605544 0 45
217706104 0 14
217806664 0 0
217907232 0 0
218007804 0 0
218108360 0 0
218208920 0 0
218309312 9 21
218409780 5 0
218510252 0 0
218610724 0 0
218711196 0 0
218811668 0 0
218912144 0 0
219012616 0 0
219113088 0 0
219213556 0 0
219314072 0 0
219414584 0 0
219515096 0 0
219615612 0 40
219716140 0 0
219816652 0 0
219917168 0 23
220017680 0 0
220118192 0 0
220218712 0 0
220319228 0 156
220419752 0 42
220520268 0 0
220620776 5 152
220721288 14 0
220821848 23 0
220922408 31 100
221022972 41 181
221123532 49 124
221224092 54 0
221324660 57 21
221425228 59 0
221525792 62 0
221626348 57 0
221726908 51 0
221827476 49 0
221928048 38 0
222028604 17 0
222129164 3 0
222229680 16 0
222330240 0 0
222430756 0 0
222531280 0 0
222631792 0 0
222732304 0 0
222832816 0 0
222933336 0 8
223033856 0 16
223134376 0 31
223234888 0 32
223335400 0 38
223435912 0 46
223536428 0 52
223636940 0 47
223737460 0 49
223837976 330 46
223938576 210 22
224039176 0 30
224139700 19 1
224240260 0 28
224340776 182 0
224441380 4 0
224541888 0 0
224642412 41 0
224742968 153 0
224843568 70 12
224944124 0 0
225044640 14 0
225145208 0 0
225245728 26 0
225346292 0 10
225446808 80 0
225547364 25 0
225647924 43 0
225748492 14 150
225849060 0 0
225949576 0 112
226050088 0 0
226150600 0 0
226251120 0 23
226351640 0 90
226452160 46 7
226552716 0 0
226653232 13 0
226753788 0 30
226854308 0 112
226954832 0 105
227055344 0 254
227155856 0 0
227256372 0 31
227356888 0 26
227457408 0 0
227557924 0 7
227658448 0 102
227758960 0 14
227859472 0 0
227959984 0 0
228060508 0 0
228161028 0 0
228261544 0 0
228362100 0 0
228462664 25 0
228563268 105 0
228663924 125 0
228764572 70 9
228865176 47 5
228965780 45 0
229066388 14 0
229166992 0 0
229267548 0 0
229368108 0 0
229468676 0 0
229569244 0 0
229669804 21 0
229770412 0 0
229870972 0 0
229971540 0 0
230072100 0 0
230172660 0 0
230273220 0 0
230373788 0 0
230474356 0 0
230574920 0 0
230675476 0 0
230776036 0 0
230876604 0 0
230977172 40 0
231077776 0 5
231178332 0 14
231278892 23 23
231379504 0 31
231480060 0 41
231580620 0 49
231681180 156 54
231781836 42 57
231882448 0 59
231983004 152 62
232083652 0 57
232184220 0 51
232284788 100 49
232385440 181 38
232486088 124 17
232586740 0 3
232687308 21 16
232787912 0 0
232888472 0 0
232989036 0 0
233089604 0 0
233190168 0 0
233290724 0 0
233391284 0 0
233491852 0 0
233592420 0 0
233692980 0 0
233793540 0 0
233894100 0 0
233994668 0 0
234095236 0 0
234195796 0 0
234296360 8 330
234396916 16 210
234497528 31 0
234598136 32 19
234698740 38 0
234799336 46 182
234899940 52 4
235000552 47 0
235101160 49 41
235201760 46 153
235302368 22 70
235402980 30 0
235503576 1 14
235604132 28 0
235704744 0 26
235805308 0 0
235905876 0 80
236006428 0 25
236106988 0 43
236207556 12 14
236308168 0 0
236408724 0 0
236509288 0 0
236609848 0 0
236710412 10 0
236811024 0 0
236911580 0 46
237012140 0 0
237112708 150 13
237213364 0 0
237313928 112 0
237414576 0 0
237515140 0 0
237615708 23 0
237716316 90 0
237816912 7 0
237917472 0 0
238018036 0 0
238118604 30 0
238219208 112 0
238319852 105 0
238420508 254 0
238521164 0 0
238621728 31 0
238722328 26 0
238822936 0 0
238923500 7 25
239024060 102 105
239124708 14 125
239225320 0 70
239325880 0 47
239426436 0 45
239526996 0 14
239627556 0 0
239728124 0 0
239828696 0 0
239929252 0 0
240029812 0 0
240130204 9 21
240230672 5 0
240331144 0 0
240431616 0 0
240532088 0 0
240632560 0 0
240733036 0 0
240833508 0 0
240933980 0 0
241034448 0 0
241134964 0 0
241235476 0 0
241335988 0 0
241436504 0 40
241537032 0 0
241637544 0 0
241738060 0 23
241838572 0 0
241939084 0 0
242039604 0 0
242140120 0 156
242240644 0 42
242341160 0 0
242441668 5 152
242542180 14 0
242642740 23 0
242743300 31 100
242843864 41 181
242944424 49 124
243044984 54 0
243145552 57 21
243246120 59 0
243346684 62 0
243447240 57 0
243547800 51 0
243648368 49 0
243748940 38 0
243849496 17 0
243950056 3 0
244050572 16 0
244151132 0 0
244251648 0 0
244352172 0 0
244452684 0 0
244553196 0 0
244653708 0 0
244754228 0 8
244854748 0 16
244955268 0 31
245055780 0 32
245156292 0 38
245256804 0 46
245357320 0 52
245457832 0 47
245558352 0 49
245658868 330 46
245759468 210 22
245860068 0 30
245960592 19 1
246061152 0 28
246161668 182 0
246262272 4 0
246362780 0 0
246463304 41 0
246563860 153 0
246664460 70 12
246765016 0 0
246865532 14 0
246966100 0 0
247066620 26 0
247167184 0 10
247267700 80 0
247368256 25 0
247468816 43 0
247569384 14 150
247669952 0 0
247770468 0 112
247870980 0 0
247971492 0 0
248072012 0 23
248172532 0 90
248273052 46 7
248373608 0 0
248474124 13 0
248574680 0 30
248675200 0 112
248775724 0 105
248876236 0 254
248976748 0 0
249077264 0 31
249177780 0 26
249278300 0 0
249378816 0 7
249479340 0 102
249579852 0 14
249680364 0 0
249780876 0 0
249881400 0 0
249981920 0 0
250082436 0 0
250182992 0 0
250283556 25 0
250384160 105 0
250484816 125 0
250585464 70 9
250686068 47 5
250786672 45 0
250887280 14 0
250987884 0 0
251088440 0 0
251189000 0 0
251289568 0 0
251390136 0 0
251490696 21 0
251591304 0 0
251691864 0 0
251792432 0 0
251892992 0 0
251993552 0 0
252094112 0 0
252194680 0 0
252295248 0 0
252395812 0 0
252496368 0 0
252596928 0 0
252697496 0 0
252798064 40 0
252898668 0 5
252999224 0 14
253099784 23 23
253200396 0 31
253300952 0 41
253401512 0 49
253502072 156 54
253602728 42 57
253703340 0 59
253803896 152 62
253904544 0 57
254005112 0 51
254105680 100 49
254206332 181 38
254306980 124 17
254407632 0 3
254508200 21 16
254608804 0 0
254709364 0 0
254809928 0 0
254910496 0 0
255011060 0 0
255111616 0 0
255212176 0 0
255312744 0 0
255413312 0 0
255513872 0 0
255614432 0 0
255714992 0 0
255815560 0 0
255916128 0 0
256016688 0 0
256117252 8 330
256217808 16 210
256318420 31 0
256419028 32 19
256519632 38 0
256620228 46 182
256720832 52 4
256821444 47 0
256922052 49 41
257022652 46 153
257123260 22 70
257223872 30 0
257324468 1 14
257425024 28 0
257525636 0 26
257626200 0 0
257726768 0 80
257827320 0 25
257927880 0 43
258028448 12 14
258129060 0 0
258229616 0 0
258330180 0 0
258430740 0 0
258531304 10 0
258631916 0 0
258732472 0 46
258833032 0 0
258933600 150 13
259034256 0 0
259134820 112 0
259235468 0 0
259336032 0 0
259436600 23 0
259537208 90 0
259637804 7 0
259738364 0 0
259838928 0 0
259939496 30 0
260040100 112 0
260140744 105 0
260241400 254 0
260342056 0 0
260442620 31 0
260543220 26 0
260643828 0 0
260744392 7 25
260844952 102 105
260945600 14 125
261046212 0 70
261146772 0 47
261247328 0 45
261347888 0 14
261448448 0 0
261549016 0 0
261649588 0 0
261750144 0 0
261850704 0 0
261951096 9 21
262051564 5 0
262152036 0 0
262252508 0 0
262352980 0 0
262453452 0 0
262553928 0 0
262654400 0 0
262754872 0 0
262855340 0 0
262955856 0 0
263056368 0 0
263156880 0 0
263257396 0 40
263357924 0 0
263458436 0 0
263558952 0 23
263659464 0 0
263759976 0 0
263860496 0 0
263961012 0 156
264061536 0 42
264162052 0 0
264262560 5 152
264363072 14 0
264463632 23 0
264564192 31 100
264664756 41 181
264765316 49 124
264865876 54 0
264966444 57 21
265067012 59 0
265167576 62 0
265268132 57 0
265368692 51 0
265469260 49 0
265569832 38 0
265670388 17 0
265770948 3 0
265871464 16 0
265972024 0 0
266072540 0 0
266173064 0 0
266273576 0 0
266374088 0 0
266474600 0 0
266575120 0 8
266675640 0 16
266776160 0 31
266876672 0 32
266977184 0 38
267077696 0 46
267178212 0 52
267278724 0 47
267379244 0 49
267479760 330 46
267580360 210 22
267680960 0 30
267781484 19 1
267882044 0 28
267982560 182 0
268083164 4 0
268183672 0 0
268284196 41 0
268384752 153 0
268485352 70 12
268585908 0 0
268686424 14 0
268786992 0 0
268887512 26 0
268988076 0 10
269088592 80 0
269189148 25 0
269289708 43 0
269390276 14 150
269490844 0 0
269591360 0 112
269691872 0 0
269792384 0 0
269892904 0 23
269993424 0 90
270093944 46 7
270194500 0 0
270295016 13 0
270395572 0 30
270496092 0 112
270596616 0 105
270697128 0 254
270797640 0 0
270898156 0 31
270998672 0 26
271099192 0 0
271199708 0 7
271300232 0 102
271400744 0 14
271501256 0 0
271601768 0 0
271702292 0 0
271802812 0 0
271903328 0 0
272003884 0 0
272104448 25 0
272205052 105 0
272305708 125 0
272406356 70 9
272506960 47 5
272607564 45 0
272708172 14 0
272808776 0 0
272909332 0 0
273009892 0 0
273110460 0 0
273211028 0 0
273311588 21 0
273412196 0 0
273512756 0 0
273613324 0 0
273713884 0 0
273814444 0 0
273915004 0 0
274015572 0 0
274116140 0 0
274216704 0 0
274317260 0 0
274417820 0 0
274518388 0 0
274618956 40 0
274719560 0 5
274820116 0 14
274920676 23 23
275021288 0 31
275121844 0 41
275222404 0 49
275322964 156 54
275423620 42 57
275524232 0 59
275624788 152 62
275725436 0 57
275826004 0 51
275926572 100 49
276027224 181 38
276127872 124 17
276228524 0 3
276329092 21 16
276429696 0 0
276530256 0 0
276630820 0 0
276731388 0 0
276831952 0 0
276932508 0 0
277033068 0 0
277133636 0 0
277234204 0 0
277334764 0 0
277435324 0 0
277535884 0 0
277636452 0 0
277737020 0 0
277837580 0 0
277938144 8 330
278038700 16 210
278139312 31 0
278239920 32 19
278340524 38 0
278441120 46 182
278541724 52 4
278642336 47 0
278742944 49 41
278843544 46 153
278944152 22 70
279044764 30 0
279145360 1 14
279245916 28 0
279346528 0 26
279447092 0 0
279547660 0 80
279648212 0 25
279748772 0 43
279849340 12 14
279949952 0 0
280050508 0 0
280151072 0 0
280251632 0 0
280352196 10 0
280452808 0 0
280553364 0 46
280653924 0 0
280754492 150 13
280855148 0 0
280955712 112 0
281056360 0 0
281156924 0 0
281257492 23 0
281358100 90 0
281458696 7 0
281559256 0 0
281659820 0 0
281760388 30 0
281860992 112 0
281961636 105 0
282062292 254 0
282162948 0 0
282263512 31 0
282364112 26 0
282464720 0 0
282565284 7 25
282665844 102 105
282766492 14 125
282867104 0 70
282967664 0 47
283068220 0 45
283168780 0 14
283269340 0 0
283369908 0 0
283470480 0 0
283571036 0 0
283671596 0 0
283771988 9 21
283872456 5 0
283972928 0 0
284073400 0 0
284173872 0 0
284274344 0 0
284374820 0 0
284475292 0 0
284575764 0 0
284676232 0 0
284776748 0 0
284877260 0 0
284977772 0 0
285078288 0 40
285178816 0 0
285279328 0 0
285379844 0 23
285480356 0 0
285580868 0 0
285681388 0 0
285781904 0 156
285882428 0 42
285982944 0 0
286083452 5 152
286183964 14 0
286284524 23 0
286385084 31 100
286485648 41 181
286586208 49 124
286686768 54 0
286787336 57 21
286887904 59 0
286988468 62 0
287089024 57 0
287189584 51 0
287290152 49 0
287390724 38 0
287491280 17 0
287591840 3 0
287692356 16 0
287792916 0 0
287893432 0 0
287993956 0 0
288094468 0 0
288194980 0 0
288295492 0 0
288396012 0 8
288496532 0 16
288597052 0 31
288697564 0 32
288798076 0 38
288898588 0 46
288999104 0 52
289099616 0 47
289200136 0 49
289300652 330 46
289401252 210 22
289501852 0 30
289602376 19 1
289702936 0 28
289803452 182 0
289904056 4 0
290004564 0 0
290105088 41 0
290205644 153 0
290306244 70 12
290406800 0 0
290507316 14 0
290607884 0 0
290708404 26 0
290808968 0 10
290909484 80 0
291010040 25 0
291110600 43 0
291211168 14 150
291311736 0 0
291412252 0 112
291512764 0 0
291613276 0 0
291713796 0 23
291814316 0 90
291914836 46 7
292015392 0 0
292115908 13 0
292216464 0 30
292316984 0 112
292417508 0 105
292518020 0 254
292618532 0 0
292719048 0 31
292819564 0 26
292920084 0 0
293020600 0 7
293121124 0 102
293221636 0 14
293322148 0 0
293422660 0 0
293523184 0 0
293623704 0 0
293724220 0 0
293824776 0 0
293925340 25 0
294025944 105 0
294126600 125 0
294227248 70 9
294327852 47 5
294428456 45 0
294529064 14 0
294629668 0 0
294730224 0 0
294830784 0 0
294931352 0 0
295031920 0 0
295132480 21 0
295233088 0 0
295333648 0 0
295434216 0 0
295534776 0 0
295635336 0 0
295735896 0 0
295836464 0 0
295937032 0 0
296037596 0 0
296138152 0 0
296238712 0 0
296339280 0 0
296439848 40 0
296540452 0 5
296641008 0 14
296741568 23 23
296842180 0 31
296942736 0 41
297043296 0 49
297143856 156 54
297244512 42 57
297345124 0 59
297445680 152 62
297546328 0 57
297646896 0 51
297747464 100 49
297848116 181 38
297948764 124 17
298049416 0 3
298149984 21 16
298250588 0 0
298351148 0 0
298451712 0 0
298552280 0 0
298652844 0 0
298753400 0 0
298853960 0 0
298954528 0 0
299055096 0 0
299155656 0 0
299256216 0 0
299356776 0 0
299457344 0 0
299557912 0 0
299658472 0 0
299759036 8 330
299859592 16 210
299960204 31 0
300060812 32 19
300161416 38 0
300262012 46 182
300362616 52 4
300463228 47 0
300563836 49 41
300664436 46 153
300765044 22 70
300865656 30 0
300966252 1 14
301066808 28 0
301167420 0 26
301267984 0 0
301368552 0 80
301469104 0 25
301569664 0 43
301670232 12 14
301770844 0 0
301871400 0 0
301971964 0 0
302072524 0 0
302173088 10 0
302273700 0 0
302374256 0 46
302474816 0 0
302575384 150 13
302676040 0 0
302776604 112 0
302877252 0 0
302977816 0 0
303078384 23 0
303178992 90 0
303279588 7 0
303380148 0 0
303480712 0 0
303581280 30 0
303681884 112 0
303782528 105 0
303883184 254 0
303983840 0 0
304084404 31 0
304185004 26 0
304285612 0 0
304386176 7 25
304486736 102 105
304587384 14 125
304687996 0 70
304788556 0 47
304889112 0 45
304989672 0 14
305090232 0 0
305190800 0 0
305291372 0 0
305391928 0 0
305492488 0 0
305592880 9 21
305693348 5 0
305793820 0 0
305894292 0 0
305994764 0 0
306095236 0 0
306195712 0 0
306296184 0 0
306396656 0 0
306497124 0 0
306597640 0 0
306698152 0 0
306798664 0 0
306899180 0 40
306999708 0 0
307100220 0 0
307200736 0 23
307301248 0 0
307401760 0 0
307502280 0 0
307602796 0 156
307703320 0 42
307803836 0 0
307904344 5 152
308004856 14 0
308105416 23 0
308205976 31 100
308306540 41 181
308407100 49 124
308507660 54 0
308608228 57 21
308708796 59 0
308809360 62 0
308909916 57 0
309010476 51 0
309111044 49 0
309211616 38 0
309312172 17 0
309412732 3 0
309513248 16 0
309613808 0 0
309714324 0 0
309814848 0 0
309915360 0 0
310015872 0 0
310116384 0 0
310216904 0 8
310317424 0 16
310417944 0 31
310518456 0 32
310618968 0 38
310719480 0 46
310819996 0 52
310920508 0 47
311021028 0 49
311121544 330 46
311222144 210 22
311322744 0 30
311423268 19 1
311523828 0 28
311624344 182 0
311724948 4 0
311825456 0 0
311925980 41 0
312026536 153 0
312127136 70 12
312227692 0 0
312328208 14 0
312428776 0 0
312529296 26 0
312629860 0 10
312730376 80 0
312830932 25 0
312931492 43 0
313032060 14 150
313132628 0 0
313233144 0 112
313333656 0 0
313434168 0 0
313534688 0 23
313635208 0 90
313735728 46 7
313836284 0 0
313936800 13 0
314037356 0 30
314137876 0 112
314238400 0 105
314338912 0 254
314439424 0 0
314539940 0 31
314640456 0 26
314740976 0 0
314841492 0 7
314942016 0 102
315042528 0 14
315143040 0 0
315243552 0 0
315344076 0 0
315444596 0 0
315545112 0 0
315645668 0 0
315746232 25 0
315846836 105 0
315947492 125 0
316048140 70 9
316148744 47 5
316249348 45 0
316349956 14 0
316450560 0 0
316551116 0 0
316651676 0 0
316752244 0 0
316852812 0 0
316953372 21 0
317053980 0 0
317154540 0 0
317255108 0 0
317355668 0 0
317456228 0 0
317556788 0 0
317657356 0 0
317757924 0 0
317858488 0 0
317959044 0 0
318059604 0 0
318160172 0 0
318260740 40 0
318361344 0 5
318461900 0 14
318562460 23 23
318663072 0 31
318763628 0 41
318864188 0 49
318964748 156 54
319065404 42 57
319166016 0 59
319266572 152 62
319367220 0 57
319467788 0 51
319568356 100 49
319669008 181 38
319769656 124 17
319870308 0 3
319970876 21 16
320071480 0 0
320172040 0 0
320272604 0 0
320373172 0 0
320473736 0 0
320574292 0 0
320674852 0 0
320775420 0 0
320875988 0 0
320976548 0 0
321077108 0 0
321177668 0 0
321278236 0 0
321378804 0 0
321479364 0 0
321579928 8 330
321680484 16 210
321781096 31 0
321881704 32 19
321982308 38 0
322082904 46 182
322183508 52 4
322284120 47 0
322384728 49 41
322485328 46 153
322585936 22 70
322686548 30 0
322787144 1 14
322887700 28 0
322988312 0 26
323088876 0 0
323189444 0 80
323289996 0 25
323390556 0 43
323491124 12 14
323591736 0 0
323692292 0 0
323792856 0 0
323893416 0 0
323993980 10 0
324094592 0 0
324195148 0 46
324295708 0 0
324396276 150 13
324496932 0 0
324597496 112 0
324698144 0 0
324798708 0 0
324899276 23 0
324999884 90 0
325100480 7 0
325201040 0 0
325301604 0 0
325402172 30 0
325502776 112 0
325603420 105 0
325704076 254 0
325804732 0 0
325905296 31 0
326005896 26 0
326106504 0 0
326207068 7 25
326307628 102 105
326408276 14 125
326508888 0 70
326609448 0 47
326710004 0 45
326810564 0 14
326911124 0 0
327011692 0 0
327112264 0 0
327212820 0 0
327313380 0 0
327413772 9 21
327514240 5 0
327614712 0 0
327715184 0 0
327815656 0 0
327916128 0 0
328016604 0 0
328117076 0 0
328217548 0 0
328318016 0 0
328418532 0 0
328519044 0 0
328619556 0 0
328720072 0 40
328820600 0 0
328921112 0 0
329021628 0 23
329122140 0 0
329222652 0 0
329323172 0 0
329423688 0 156
329524212 0 42
329624728 0 0
329725236 5 152
329825748 14 0
329926308 23 0
330026868 31 100
330127432 41 181
330227992 49 124
330328552 54 0
330429120 57 21
330529688 59 0
330630252 62 0
330730808 57 0
330831368 51 0
330931936 49 0
331032508 38 0
331133064 17 0
331233624 3 0
331334140 16 0
331434700 0 0
331535216 0 0
331635740 0 0
331736252 0 0
331836764 0 0
331937276 0 0
332037796 0 8
332138316 0 16
332238836 0 31
332339348 0 32
332439860 0 38
332540372 0 46
332640888 0 52
332741400 0 47
332841920 0 49
332942436 330 46
333043036 210 22
333143636 0 30
333244160 19 1
333344720 0 28
333445236 182 0
333545840 4 0
333646348 0 0
333746872 41 0
333847428 153 0
333948028 70 12
334048584 0 0
334149100 14 0
334249668 0 0
334350188 26 0
334450752 0 10
334551268 80 0
334651824 25 0
334752384 43 0
334852952 14 150
334953520 0 0
335054036 0 112
335154548 0 0
335255060 0 0
335355580 0 23
335456100 0 90
335556620 46 7
335657176 0 0
335757692 13 0
335858248 0 30
335958768 0 112
336059292 0 105
336159804 0 254
336260316 0 0
336360832 0 31
336461348 0 26
336561868 0 0
336662384 0 7
336762908 0 102
336863420 0 14
336963932 0 0
337064444 0 0
337164968 0 0
337265488 0 0
337366004 0 0
337466560 0 0
337567124 25 0
337667728 105 0
337768384 125 0
337869032 70 9
337969636 47 5
338070240 45 0
338170848 14 0
338271452 0 0
338372008 0 0
338472568 0 0
338573136 0 0
338673704 0 0
338774264 21 0
338874872 0 0
338975432 0 0
339076000 0 0
339176560 0 0
339277120 0 0
339377680 0 0
339478248 0 0
339578816 0 0
339679380 0 0
339779936 0 0
339880496 0 0
339981064 0 0
340081632 40 0
340182236 0 5
340282792 0 14
340383352 23 23
340483964 0 31
340584520 0 41
340685080 0 49
340785640 156 54
340886296 42 57
340986908 0 59
341087464 152 62
341188112 0 57
341288680 0 51
341389248 100 49
341489900 181 38
341590548 124 17
341691200 0 3
341791768 21 16
341892372 0 0
341992932 0 0
342093496 0 0
342194064 0 0
342294628 0 0
342395184 0 0
342495744 0 0
342596312 0 0
342696880 0 0
342797440 0 0
342898000 0 0
342998560 0 0
343099128 0 0
343199696 0 0
343300256 0 0
343400820 8 330
343501376 16 210
343601988 31 0
343702596 32 19
343803200 38 0
343903796 46 182
344004400 52 4
344105012 47 0
344205620 49 41
344306220 46 153
344406828 22 70
344507440 30 0
344608036 1 14
344708592 28 0
344809204 0 26
344909768 0 0
345010336 0 80
345110888 0 25
345211448 0 43
345312016 12 14
345412628 0 0
345513184 0 0
345613748 0 0
345714308 0 0
345814872 10 0
345915484 0 0
346016040 0 46
346116600 0 0
346217168 150 13
346317824 0 0
346418388 112 0
346519036 0 0
346619600 0 0
346720168 23 0
346820776 90 0
346921372 7 0
347021932 0 0
347122496 0 0
347223064 30 0
347323668 112 0
347424312 105 0
347524968 254 0
347625624 0 0
347726188 31 0
347826788 26 0
347927396 0 0
348027960 7 25
348128520 102 105
348229168 14 125
348329780 0 70
348430340 0 47
348530896 0 45
348631456 0 14
348732016 0 0
348832584 0 0
348933156 0 0
349033712 0 0
349134272 0 0
349234664 9 21
349335132 5 0
349435604 0 0
349536076 0 0
349636548 0 0
349737020 0 0
349837496 0 0
349937968 0 0
350038440 0 0
350138908 0 0
350239424 0 0
350339936 0 0
350440448 0 0
350540964 0 40
350641492 0 0
350742004 0 0
350842520 0 23
350943032 0 0
351043544 0 0
351144064 0 0
351244580 0 156
351345104 0 42
351445620 0 0
351546128 5 152
351646640 14 0
351747200 23 0
351847760 31 100
351948324 41 181
352048884 49 124
352149444 54 0
352250012 57 21
352350580 59 0
352451144 62 0
352551700 57 0
352652260 51 0
352752828 49 0
352853400 38 0
352953956 17 0
353054516 3 0
353155032 16 0
353255592 0 0
353356108 0 0
353456632 0 0
353557144 0 0
353657656 0 0
353758168 0 0
353858688 0 8
353959208 0 16
354059728 0 31
354160240 0 32
354260752 0 38
354361264 0 46
354461780 0 52
354562292 0 47
354662812 0 49
354763328 330 46
354863928 210 22
354964528 0 30
355065052 19 1
355165612 0 28
355266128 182 0
355366732 4 0
355467240 0 0
355567764 41 0
355668320 153 0
355768920 70 12
355869476 0 0
355969992 14 0
356070560 0 0
356171080 26 0
356271644 0 10
356372160 80 0
356472716 25 0
356573276 43 0
356673844 14 150
356774412 0 0
356874928 0 112
356975440 0 0
357075952 0 0
357176472 0 23
357276992 0 90
357377512 46 7
357478068 0 0
357578584 13 0
357679140 0 30
357779660 0 112
357880184 0 105
357980696 0 254
358081208 0 0
358181724 0 31
358282240 0 26
358382760 0 0
358483276 0 7
358583800 0 102
358684312 0 14
358784824 0 0
358885336 0 0
358985860 0 0
359086380 0 0
359186896 0 0
359287452 0 0
359388016 25 0
359488620 105 0
359589276 125 0
359689924 70 9
359790528 47 5
359891132 45 0
359991740 14 0
360092344 0 0
360192900 0 0
360293460 0 0
360394028 0 0
360494596 0 0
360595156 21 0
360695764 0 0
360796324 0 0
360896892 0 0
360997452 0 0
361098012 0 0
361198572 0 0
361299140 0 0
361399708 0 0
361500272 0 0
361600828 0 0
361701388 0 0
361801956 0 0
361902524 40 0
362003128 0 5
362103684 0 14
362204244 23 23
362304856 0 31
362405412 0 41
362505972 0 49
362606532 156 54
362707188 42 57
362807800 0 59
362908356 152 62
363009004 0 57
363109572 0 51
363210140 100 49
363310792 181 38
363411440 124 17
363512092 0 3
363612660 21 16
363713264 0 0
363813824 0 0
363914388 0 0
364014956 0 0
364115520 0 0
364216076 0 0
364316636 0 0
364417204 0 0
364517772 0 0
364618332 0 0
364718892 0 0
364819452 0 0
364920020 0 0
365020588 0 0
365121148 0 0
365221712 8 330
365322268 16 210
365422880 31 0
365523488 32 19
365624092 38 0
365724688 46 182
365825292 52 4
365925904 47 0
366026512 49 41
366127112 46 153
366227720 22 70
366328332 30 0
366428928 1 14
366529484 28 0
366630096 0 26
366730660 0 0
366831228 0 80
366931780 0 25
367032340 0 43
367132908 12 14
367233520 0 0
367334076 0 0
367434640 0 0
367535200 0 0
367635764 10 0
367736376 0 0
367836932 0 46
367937492 0 0
368038060 150 13
368138716 0 0
368239280 112 0
368339928 0 0
368440492 0 0
368541060 23 0
368641668 90 0
368742264 7 0
368842824 0 0
368943388 0 0
369043956 30 0
369144560 112 0
369245204 105 0
369345860 254 0
369446516 0 0
369547080 31 0
369647680 26 0
369748288 0 0
369848852 7 25
369949412 102 105
370050060 14 125
370150672 0 70
370251232 0 47
370351788 0 45
370452348 0 14
370552908 0 0
370653476 0 0
370754048 0 0
370854604 0 0
370955164 0 0
371055556 9 21
371156024 5 0
371256496 0 0
371356968 0 0
371457440 0 0
371557912 0 0
371658388 0 0
371758860 0 0
371859332 0 0
371959800 0 0
372060316 0 0
372160828 0 0
372261340 0 0
372361856 0 40
372462384 0 0
372562896 0 0
372663412 0 23
372763924 0 0
372864436 0 0
372964956 0 0
373065472 0 156
373165996 0 42
373266512 0 0
373367020 5 152
373467532 14 0
373568092 23 0
373668652 31 100
373769216 41 181
373869776 49 124
373970336 54 0
374070904 57 21
374171472 59 0
374272036 62 0
374372592 57 0
374473152 51 0
374573720 49 0
374674292 38 0
374774848 17 0
374875408 3 0
374975924 16 0
375076484 0 0
375177000 0 0
375277524 0 0
375378036 0 0
375478548 0 0
375579060 0 0
375679580 0 8
375780100 0 16
375880620 0 31
375981132 0 32
376081644 0 38
376182156 0 46
376282672 0 52
376383184 0 47
376483704 0 49
376584220 330 46
376684820 210 22
376785420 0 30
376885944 19 1
376986504 0 28
377087020 182 0
377187624 4 0
377288132 0 0
377388656 41 0
377489212 153 0
377589812 70 12
377690368 0 0
377790884 14 0
377891452 0 0
377991972 26 0
378092536 0 10
378193052 80 0
378293608 25 0
378394168 43 0
378494736 14 150
378595304 0 0
378695820 0 112
378796332 0 0
378896844 0 0
378997364 0 23
379097884 0 90
379198404 46 7
379298960 0 0
379399476 13 0
379500032 0 30
379600552 0 112
379701076 0 105
379801588 0 254
379902100 0 0
380002616 0 31
380103132 0 26
380203652 0 0
380304168 0 7
380404692 0 102
380505204 0 14
380605716 0 0
380706228 0 0
380806752 0 0
380907272 0 0
381007788 0 0
381108344 0 0
381208908 25 0
381309512 105 0
381410168 125 0
381510816 70 9
381611420 47 5
381712024 45 0
381812632 14 0
381913236 0 0
382013792 0 0
382114352 0 0
382214920 0 0
382315488 0 0
382416048 21 0
382516656 0 0
382617216 0 0
382717784 0 0
382818344 0 0
382918904 0 0
383019464 0 0
383120032 0 0
383220600 0 0
383321164 0 0
383421720 0 0
383522280 0 0
383622848 0 0
383723416 40 0
383824020 0 5
383924576 0 14
384025136 23 23
384125748 0 31
384226304 0 41
384326864 0 49
384427424 156 54
384528080 42 57
384628692 0 59
384729248 152 62
384829896 0 57
384930464 0 51
385031032 100 49
385131684 181 38
385232332 124 17
385332984 0 3
385433552 21 16
385534156 0 0
385634716 0 0
385735280 0 0
385835848 0 0
385936412 0 0
386036968 0 0
386137528 0 0
386238096 0 0
386338664 0 0
386439224 0 0
386539784 0 0
386640344 0 0
386740912 0 0
386841480 0 0
386942040 0 0
387042604 8 330
387143160 16 210
387243772 31 0
387344380 32 19
387444984 38 0
387545580 46 182
387646184 52 4
387746796 47 0
387847404 49 41
387948004 46 153
388048612 22 70
388149224 30 0
388249820 1 14
388350376 28 0
388450988 0 26
388551552 0 0
388652120 0 80
388752672 0 25
388853232 0 43
388953800 12 14
389054412 0 0
389154968 0 0
389255532 0 0
389356092 0 0
389456656 10 0
389557268 0 0
389657824 0 46
389758384 0 0
389858952 150 13
389959608 0 0
390060172 112 0
390160820 0 0
390261384 0 0
390361952 23 0
390462560 90 0
390563156 7 0
390663716 0 0
390764280 0 0
390864848 30 0
390965452 112 0
391066096 105 0
391166752 254 0
391267408 0 0
391367972 31 0
391468572 26 0
391569180 0 0
391669744 7 25
391770304 102 105
391870952 14 125
391971564 0 70
392072124 0 47
392172680 0 45
392273240 0 14
392373800 0 0
392474368 0 0
392574940 0 0
392675496 0 0
392776056 0 0
392876448 9 21
392976916 5 0
393077388 0 0
393177860 0 0
393278332 0 0
393378804 0 0
393479280 0 0
393579752 0 0
393680224 0 0
393780692 0 0
393881208 0 0
393981720 0 0
394082232 0 0
394182748 0 40
394283276 0 0
394383788 0 0
394484304 0 23
394584816 0 0
394685328 0 0
394785848 0 0
394886364 0 156
394986888 0 42
395087404 0 0
395187912 5 152
395288424 14 0
395388984 23 0
395489544 31 100
395590108 41 181
395690668 49 124
395791228 54 0
395891796 57 21
395992364 59 0
396092928 62 0
396193484 57 0
396294044 51 0
396394612 49 0
396495184 38 0
396595740 17 0
396696300 3 0
396796816 16 0
396897376 0 0
396997892 0 0
397098416 0 0
397198928 0 0
397299440 0 0
397399952 0 0
397500472 0 8
397600992 0 16
397701512 0 31
397802024 0 32
397902536 0 38
398003048 0 46
398103564 0 52
398204076 0 47
398304596 0 49
398405112 330 46
398505712 210 22
398606312 0 30
398706836 19 1
398807396 0 28
398907912 182 0
399008516 4 0
399109024 0 0
399209548 41 0
399310104 153 0
399410704 70 12
399511260 0 0
399611776 14 0
399712344 0 0
399812864 26 0
399913428 0 10
400013944 80 0
400114500 25 0
400215060 43 0
400315628 14 150
400416196 0 0
400516712 0 112
400617224 0 0
400717736 0 0
400818256 0 23
400918776 0 90
401019296 46 7
401119852 0 0
401220368 13 0
401320924 0 30
401421444 0 112
401521968 0 105
401622480 0 254
401722992 0 0
401823508 0 31
401924024 0 26
402024544 0 0
402125060 0 7
402225584 0 102
402326096 0 14
402426608 0 0
402527120 0 0
402627644 0 0
402728164 0 0
402828680 0 0
402929236 0 0
403029800 25 0
403130404 105 0
403231060 125 0
403331708 70 9
403432312 47 5
403532916 45 0
403633524 14 0
403734128 0 0
403834684 0 0
403935244 0 0
404035812 0 0
404136380 0 0
404236940 21 0
404337548 0 0
404438108 0 0
404538676 0 0
404639236 0 0
404739796 0 0
404840356 0 0
404940924 0 0
405041492 0 0
405142056 0 0
405242612 0 0
405343172 0 0
405443740 0 0
405544308 40 0
405644912 0 5
405745468 0 14
405846028 23 23
405946640 0 31
406047196 0 41
406147756 0 49
406248316 156 54
406348972 42 57
406449584 0 59
406550140 152 62
406650788 0 57
406751356 0 51
406851924 100 49
406952576 181 38
407053224 124 17
407153876 0 3
407254444 21 16
407355048 0 0
407455608 0 0
407556172 0 0
407656740 0 0
407757304 0 0
407857860 0 0
407958420 0 0
408058988 0 0
408159556 0 0
408260116 0 0
408360676 0 0
408461236 0 0
408561804 0 0
408662372 0 0
408762932 0 0
408863496 8 330
408964052 16 210
409064664 31 0
409165272 32 19
409265876 38 0
409366472 46 182
409467076 52 4
409567688 47 0
409668296 49 41
409768896 46 153
409869504 22 70
409970116 30 0
410070712 1 14
410171268 28 0
410271880 0 26
410372444 0 0
410473012 0 80
410573564 0 25
410674124 0 43
410774692 12 14
410875304 0 0
410975860 0 0
411076424 0 0
411176984 0 0
411277548 10 0
411378160 0 0
411478716 0 46
411579276 0 0
411679844 150 13
411780500 0 0
411881064 112 0
411981712 0 0
412082276 0 0
412182844 23 0
412283452 90 0
412384048 7 0
412484608 0 0
412585172 0 0
412685740 30 0
412786344 112 0
412886988 105 0
412987644 254 0
413088300 0 0
413188864 31 0
413289464 26 0
413390072 0 0
413490636 7 25
413591196 102 105
413691844 14 125
413792456 0 70
413792456200860 5 47
413792456301332 0 45
413792456401804 0 14
413792456502276 0 0
413792456602748 0 0
413792456703224 0 0
413792456803696 0 0
413792456904168 0 0
4137924561004636 0 21
4137924561105152 0 0
4137924561205664 0 0
4137924561306176 0 0
4137924561406692 0 0
4137924561507220 0 0
4137924561607732 0 0
4137924561708248 0 0
4137924561808760 0 0
4137924561909272 0 0
4137924562009792 0 0
4137924562110308 0 0
4137924562210832 0 0
4137924562311348 0 40
4137924562411856 5 0
4137924562512368 14 0
4137924562612928 23 23
4137924562713488 31 0
4137924562814052 41 0
4137924562914612 49 0
4137924563015172 54 156
4137924563115740 57 42
4137924563216308 59 0
4137924563316872 62 152
4137924563417428 57 0
4137924563517988 51 0
4137924563618556 49 100
4137924563719128 38 181
4137924563819684 17 124
4137924563920244 3 0
4137924564020760 16 21
4137924564121320 0 0
4137924564221836 0 0
4137924564322360 0 0
4137924564422872 0 0
4137924564523384 0 0
4137924564623896 0 0
4137924564724416 0 0
4137924564824936 0 0
4137924564925456 0 0
4137924565025968 0 0
4137924565126480 0 0
4137924565226992 0 0
4137924565327508 0 0
4137924565428020 0 0
4137924565528540 0 0
4137924565629056 330 8
4137924565729656 210 16
4137924565830256 0 31
4137924565930780 19 32
4137924566031340 0 38
4137924566131856 182 46
4137924566232460 4 52
4137924566332968 0 47
4137924566433492 41 49
4137924566534048 153 46
4137924566634648 70 22
4137924566735204 0 30
4137924566835720 14 1
4137924566936288 0 28
4137924567036808 26 0
4137924567137372 0 0
4137924567237888 80 0
4137924567338444 25 0
4137924567439004 43 0
4137924567539572 14 12
4137924567640140 0 0
4137924567740656 0 0
4137924567841168 0 0
4137924567941680 0 0
4137924568042200 0 10
4137924568142720 0 0
4137924568243240 46 0
4137924568343796 0 0
4137924568444312 13 150
4137924568544868 0 0
4137924568645388 0 112
4137924568745912 0 0
4137924568846424 0 0
4137924568946936 0 23
4137924569047452 0 90
