200860 5
301332 0
401804 0
502276 0
602748 0
703224 0
803696 0
904168 0
1004636 0
1105152 0
1205664 0
1306176 0
1406692 0
1507220 0
1607732 0
1708248 0
1808760 0
1909272 0
2009792 0
2110308 0
2210832 0
2311348 0
2411856 5
2512368 14
2612928 23
2713488 31
2814052 41
2914612 49
3015172 54
3115740 57
3216308 59
3316872 62
3417428 57
3517988 51
3618556 49
3719128 38
3819684 17
3920244 3
4020760 16
4121320 0
4221836 0
4322360 0
4422872 0
4523384 0
4623896 0
4724416 0
4824936 0
4925456 0
5025968 0
5126480 0
5226992 0
5327508 0
5428020 0
5528540 0
5629056 330
5729656 210
5830256 0
5930780 19
6031340 0
6131856 182
6232460 4
6332968 0
6433492 41
6534048 153
6634648 70
6735204 0
6835720 14
6936288 0
7036808 26
7137372 0
7237888 80
7338444 25
7439004 43
7539572 14
7640140 0
7740656 0
7841168 0
7941680 0
8042200 0
8142720 0
8243240 46
8343796 0
8444312 13
8544868 0
8645388 0
8745912 0
8846424 0
8946936 0
9047452 0
9147968 0
9248488 0
9349004 0
9449528 0
9550040 0
9650552 0
9751064 0
9851588 0
9952108 0
10052624 0
10153180 0
10253744 25
10354348 105
10455004 125
10555652 70
10656256 47
10756860 45
10857468 14
10958072 0
11058628 0
11159188 0
11259756 0
11360324 0
11460884 21
11561492 0
11662052 0
11762620 0
11863180 0
11963740 0
12064300 0
12164868 0
12265436 0
12366000 0
12466556 0
12567116 0
12667684 0
12768252 40
12868856 0
12969412 0
13069972 23
13170584 0
13271140 0
13371700 0
13472260 156
13572916 42
13673528 0
13774084 152
13874732 0
13975300 0
14075868 100
14176520 181
14277168 124
14377820 0
14478388 21
14578992 0
14679552 0
14780116 0
14880684 0
14981248 0
15081804 0
15182364 0
15282932 0
15383500 0
15484060 0
15584620 0
15685180 0
15785748 0
15886316 0
15986876 0
16087440 8
16187996 16
16288608 31
16389216 32
16489820 38
16590416 46
16691020 52
16791632 47
16892240 49
16992840 46
17093448 22
17194060 30
17294656 1
17395212 28
17495824 0
17596388 0
17696956 0
17797508 0
17898068 0
17998636 12
18099248 0
18199804 0
18300368 0
18400928 0
18501492 10
18602104 0
18702660 0
18803220 0
18903788 150
19004444 0
19105008 112
19205656 0
19306220 0
19406788 23
19507396 90
19607992 7
19708552 0
19809116 0
19909684 30
20010288 112
20110932 105
20211588 254
20312244 0
20412808 31
20513408 26
20614016 0
20714580 7
20815140 102
20915788 14
21016400 0
21116960 0
21217516 0
21318076 0
21418636 0
21519204 0
21619776 0
21720332 0
21820892 0
21921284 9
22021752 5
22122224 0
22222696 0
22323168 0
22423640 0
22524116 0
22624588 0
22725060 0
22825528 0
22926044 0
23026556 0
23127068 0
23227584 0
23328112 0
23428624 0
23529140 0
23629652 0
23730164 0
23830684 0
23931200 0
24031724 0
24132240 0
24232748 5
24333260 14
24433820 23
24534380 31
24634944 41
24735504 49
24836064 54
24936632 57
25037200 59
25137764 62
25238320 57
25338880 51
25439448 49
25540020 38
25640576 17
25741136 3
25841652 16
25942212 0
26042728 0
26143252 0
26243764 0
26344276 0
26444788 0
26545308 0
26645828 0
26746348 0
26846860 0
26947372 0
27047884 0
27148400 0
27248912 0
27349432 0
27449948 330
27550548 210
27651148 0
27751672 19
27852232 0
27952748 182
28053352 4
28153860 0
28254384 41
28354940 153
28455540 70
28556096 0
28656612 14
28757180 0
28857700 26
28958264 0
29058780 80
29159336 25
29259896 43
29360464 14
29461032 0
29561548 0
29662060 0
29762572 0
29863092 0
29963612 0
30064132 46
30164688 0
30265204 13
30365760 0
30466280 0
30566804 0
30667316 0
30767828 0
30868344 0
30968860 0
31069380 0
31169896 0
31270420 0
31370932 0
31471444 0
31571956 0
31672480 0
31773000 0
31873516 0
31974072 0
32074636 25
32175240 105
32275896 125
32376544 70
32477148 47
32577752 45
32678360 14
32778964 0
32879520 0
32980080 0
33080648 0
33181216 0
33281776 21
33382384 0
33482944 0
33583512 0
33684072 0
33784632 0
33885192 0
33985760 0
34086328 0
34186892 0
34287448 0
34388008 0
34488576 0
34589144 40
34689748 0
34790304 0
34890864 23
34991476 0
35092032 0
35192592 0
35293152 156
35393808 42
35494420 0
35594976 152
35695624 0
35796192 0
35896760 100
35997412 181
36098060 124
36198712 0
36299280 21
36399884 0
36500444 0
36601008 0
36701576 0
36802140 0
36902696 0
37003256 0
37103824 0
37204392 0
37304952 0
37405512 0
37506072 0
37606640 0
37707208 0
37807768 0
37908332 8
38008888 16
38109500 31
38210108 32
38310712 38
38411308 46
38511912 52
38612524 47
38713132 49
38813732 46
38914340 22
39014952 30
39115548 1
39216104 28
39316716 0
39417280 0
39517848 0
39618400 0
39718960 0
39819528 12
39920140 0
40020696 0
40121260 0
40221820 0
40322384 10
40422996 0
40523552 0
40624112 0
40724680 150
40825336 0
40925900 112
41026548 0
41127112 0
41227680 23
41328288 90
41428884 7
41529444 0
41630008 0
41730576 30
41831180 112
41931824 105
42032480 254
42133136 0
42233700 31
42334300 26
42434908 0
42535472 7
42636032 102
42736680 14
42837292 0
42937852 0
43038408 0
43138968 0
43239528 0
43340096 0
43440668 0
43541224 0
43641784 0
43742176 9
43842644 5
43943116 0
44043588 0
44144060 0
44244532 0
44345008 0
44445480 0
44545952 0
44646420 0
44746936 0
44847448 0
44947960 0
45048476 0
45149004 0
45249516 0
45350032 0
45450544 0
45551056 0
45651576 0
45752092 0
45852616 0
45953132 0
46053640 5
46154152 14
46254712 23
46355272 31
46455836 41
46556396 49
46656956 54
46757524 57
46858092 59
46958656 62
47059212 57
47159772 51
47260340 49
47360912 38
47461468 17
47562028 3
47662544 16
47763104 0
47863620 0
47964144 0
48064656 0
48165168 0
48265680 0
48366200 0
48466720 0
48567240 0
48667752 0
48768264 0
48868776 0
48969292 0
49069804 0
49170324 0
49270840 330
49371440 210
49472040 0
49572564 19
49673124 0
49773640 182
49874244 4
49974752 0
50075276 41
50175832 153
50276432 70
50376988 0
50477504 14
50578072 0
50678592 26
50779156 0
50879672 80
50980228 25
51080788 43
51181356 14
51281924 0
51382440 0
51482952 0
51583464 0
51683984 0
51784504 0
51885024 46
51985580 0
52086096 13
52186652 0
52287172 0
52387696 0
52488208 0
52588720 0
52689236 0
52789752 0
52890272 0
52990788 0
53091312 0
53191824 0
53292336 0
53392848 0
53493372 0
53593892 0
53694408 0
53794964 0
53895528 25
53996132 105
54096788 125
54197436 70
54298040 47
54398644 45
54499252 14
54599856 0
54700412 0
54800972 0
54901540 0
55002108 0
55102668 21
55203276 0
55303836 0
55404404 0
55504964 0
55605524 0
55706084 0
55806652 0
55907220 0
56007784 0
56108340 0
56208900 0
56309468 0
56410036 40
56510640 0
56611196 0
56711756 23
56812368 0
56912924 0
57013484 0
57114044 156
57214700 42
57315312 0
57415868 152
57516516 0
57617084 0
57717652 100
57818304 181
57918952 124
58019604 0
58120172 21
58220776 0
58321336 0
58421900 0
58522468 0
58623032 0
58723588 0
58824148 0
58924716 0
59025284 0
59125844 0
59226404 0
59326964 0
59427532 0
59528100 0
59628660 0
59729224 8
59829780 16
59930392 31
60031000 32
60131604 38
60232200 46
60332804 52
60433416 47
60534024 49
60634624 46
60735232 22
60835844 30
60936440 1
61036996 28
61137608 0
61238172 0
61338740 0
61439292 0
61539852 0
61640420 12
61741032 0
61841588 0
61942152 0
62042712 0
62143276 10
62243888 0
62344444 0
62445004 0
62545572 150
62646228 0
62746792 112
62847440 0
62948004 0
63048572 23
63149180 90
63249776 7
63350336 0
63450900 0
63551468 30
63652072 112
63752716 105
63853372 254
63954028 0
64054592 31
64155192 26
64255800 0
64356364 7
64456924 102
64557572 14
64658184 0
64758744 0
64859300 0
64959860 0
65060420 0
65160988 0
65261560 0
65362116 0
65462676 0
65563068 9
65663536 5
65764008 0
65864480 0
65964952 0
66065424 0
66165900 0
66266372 0
66366844 0
66467312 0
66567828 0
66668340 0
66768852 0
66869368 0
66969896 0
67070408 0
67170924 0
67271436 0
67371948 0
67472468 0
67572984 0
67673508 0
67774024 0
67874532 5
67975044 14
68075604 23
68176164 31
68276728 41
68377288 49
68477848 54
68578416 57
68678984 59
68779548 62
68880104 57
68980664 51
69081232 49
69181804 38
69282360 17
69382920 3
69483436 16
69583996 0
69684512 0
69785036 0
69885548 0
69986060 0
70086572 0
70187092 0
70287612 0
70388132 0
70488644 0
70589156 0
70689668 0
70790184 0
70890696 0
70991216 0
71091732 330
71192332 210
71292932 0
71393456 19
71494016 0
71594532 182
71695136 4
71795644 0
71896168 41
71996724 153
72097324 70
72197880 0
72298396 14
72398964 0
72499484 26
72600048 0
72700564 80
72801120 25
72901680 43
73002248 14
73102816 0
73203332 0
73303844 0
73404356 0
73504876 0
73605396 0
73705916 46
73806472 0
73906988 13
74007544 0
74108064 0
74208588 0
74309100 0
74409612 0
74510128 0
74610644 0
74711164 0
74811680 0
74912204 0
75012716 0
75113228 0
75213740 0
75314264 0
75414784 0
75515300 0
75615856 0
75716420 25
75817024 105
75917680 125
76018328 70
76118932 47
76219536 45
76320144 14
76420748 0
76521304 0
76621864 0
76722432 0
76823000 0
76923560 21
77024168 0
77124728 0
77225296 0
77325856 0
77426416 0
77526976 0
77627544 0
77728112 0
77828676 0
77929232 0
78029792 0
78130360 0
78230928 40
78331532 0
78432088 0
78532648 23
78633260 0
78733816 0
78834376 0
78934936 156
79035592 42
79136204 0
79236760 152
79337408 0
79437976 0
79538544 100
79639196 181
79739844 124
79840496 0
79941064 21
80041668 0
80142228 0
80242792 0
80343360 0
80443924 0
80544480 0
80645040 0
80745608 0
80846176 0
80946736 0
81047296 0
81147856 0
81248424 0
81348992 0
81449552 0
81550116 8
81650672 16
81751284 31
81851892 32
81952496 38
82053092 46
82153696 52
82254308 47
82354916 49
82455516 46
82556124 22
82656736 30
82757332 1
82857888 28
82958500 0
83059064 0
83159632 0
83260184 0
83360744 0
83461312 12
83561924 0
83662480 0
83763044 0
83863604 0
83964168 10
84064780 0
84165336 0
84265896 0
84366464 150
84467120 0
84567684 112
84668332 0
84768896 0
84869464 23
84970072 90
85070668 7
85171228 0
85271792 0
85372360 30
85472964 112
85573608 105
85674264 254
85774920 0
85875484 31
85976084 26
86076692 0
86177256 7
86277816 102
86378464 14
86479076 0
86579636 0
86680192 0
86780752 0
86881312 0
86981880 0
87082452 0
87183008 0
87283568 0
87383960 9
87484428 5
87584900 0
87685372 0
87785844 0
87886316 0
87986792 0
88087264 0
88187736 0
88288204 0
88388720 0
88489232 0
88589744 0
88690260 0
88790788 0
88891300 0
88991816 0
89092328 0
89192840 0
89293360 0
89393876 0
89494400 0
89594916 0
89695424 5
89795936 14
89896496 23
89997056 31
90097620 41
90198180 49
90298740 54
90399308 57
90499876 59
90600440 62
90700996 57
90801556 51
90902124 49
91002696 38
91103252 17
91203812 3
91304328 16
91404888 0
91505404 0
91605928 0
91706440 0
91806952 0
91907464 0
92007984 0
92108504 0
92209024 0
92309536 0
92410048 0
92510560 0
92611076 0
92711588 0
92812108 0
92912624 330
93013224 210
93113824 0
93214348 19
93314908 0
93415424 182
93516028 4
93616536 0
93717060 41
93817616 153
93918216 70
94018772 0
94119288 14
94219856 0
94320376 26
94420940 0
94521456 80
94622012 25
94722572 43
94823140 14
94923708 0
95024224 0
95124736 0
95225248 0
95325768 0
95426288 0
95526808 46
95627364 0
95727880 13
95828436 0
95928956 0
96029480 0
96129992 0
96230504 0
96331020 0
96431536 0
96532056 0
96632572 0
96733096 0
96833608 0
96934120 0
97034632 0
97135156 0
97235676 0
97336192 0
97436748 0
97537312 25
97637916 105
97738572 125
97839220 70
97939824 47
98040428 45
98141036 14
98241640 0
98342196 0
98442756 0
98543324 0
98643892 0
98744452 21
98845060 0
98945620 0
99046188 0
99146748 0
99247308 0
99347868 0
99448436 0
99549004 0
99649568 0
99750124 0
99850684 0
99951252 0
100051820 40
100152424 0
100252980 0
100353540 23
100454152 0
100554708 0
100655268 0
100755828 156
100856484 42
100957096 0
101057652 152
101158300 0
101258868 0
101359436 100
101460088 181
101560736 124
101661388 0
101761956 21
101862560 0
101963120 0
102063684 0
102164252 0
102264816 0
102365372 0
102465932 0
102566500 0
102667068 0
102767628 0
102868188 0
102968748 0
103069316 0
103169884 0
103270444 0
103371008 8
103471564 16
103572176 31
103672784 32
103773388 38
103873984 46
103974588 52
104075200 47
104175808 49
104276408 46
104377016 22
104477628 30
104578224 1
104678780 28
104779392 0
104879956 0
104980524 0
105081076 0
105181636 0
105282204 12
105382816 0
105483372 0
105583936 0
105684496 0
105785060 10
105885672 0
105986228 0
106086788 0
106187356 150
106288012 0
106388576 112
106489224 0
106589788 0
106690356 23
106790964 90
106891560 7
106992120 0
107092684 0
107193252 30
107293856 112
107394500 105
107495156 254
107595812 0
107696376 31
107796976 26
107897584 0
107998148 7
108098708 102
108199356 14
108299968 0
108400528 0
108501084 0
108601644 0
108702204 0
108802772 0
108903344 0
109003900 0
109104460 0
109204852 9
109305320 5
109405792 0
109506264 0
109606736 0
109707208 0
109807684 0
109908156 0
110008628 0
110109096 0
110209612 0
110310124 0
110410636 0
110511152 0
110611680 0
110712192 0
110812708 0
110913220 0
111013732 0
111114252 0
111214768 0
111315292 0
111415808 0
111516316 5
111616828 14
111717388 23
111817948 31
111918512 41
112019072 49
112119632 54
112220200 57
112320768 59
112421332 62
112521888 57
112622448 51
112723016 49
112823588 38
112924144 17
113024704 3
113125220 16
113225780 0
113326296 0
113426820 0
113527332 0
113627844 0
113728356 0
113828876 0
113929396 0
114029916 0
114130428 0
114230940 0
114331452 0
114431968 0
114532480 0
114633000 0
114733516 330
114834116 210
114934716 0
115035240 19
115135800 0
115236316 182
115336920 4
115437428 0
115537952 41
115638508 153
115739108 70
115839664 0
115940180 14
116040748 0
116141268 26
116241832 0
116342348 80
116442904 25
116543464 43
116644032 14
116744600 0
116845116 0
116945628 0
117046140 0
117146660 0
117247180 0
117347700 46
117448256 0
117548772 13
117649328 0
117749848 0
117850372 0
117950884 0
118051396 0
118151912 0
118252428 0
118352948 0
118453464 0
118553988 0
118654500 0
118755012 0
118855524 0
118956048 0
119056568 0
119157084 0
119257640 0
119358204 25
119458808 105
119559464 125
119660112 70
119760716 47
119861320 45
119961928 14
120062532 0
120163088 0
120263648 0
120364216 0
120464784 0
120565344 21
120665952 0
120766512 0
120867080 0
120967640 0
121068200 0
121168760 0
121269328 0
121369896 0
121470460 0
121571016 0
121671576 0
121772144 0
121872712 40
121973316 0
122073872 0
122174432 23
122275044 0
122375600 0
122476160 0
122576720 156
122677376 42
122777988 0
122878544 152
122979192 0
123079760 0
123180328 100
123280980 181
123381628 124
123482280 0
123582848 21
123683452 0
123784012 0
123884576 0
123985144 0
124085708 0
124186264 0
124286824 0
124387392 0
124487960 0
124588520 0
124689080 0
124789640 0
124890208 0
124990776 0
125091336 0
125191900 8
125292456 16
125393068 31
125493676 32
125594280 38
125694876 46
125795480 52
125896092 47
125996700 49
126097300 46
126197908 22
126298520 30
126399116 1
126499672 28
126600284 0
126700848 0
126801416 0
126901968 0
127002528 0
127103096 12
127203708 0
127304264 0
127404828 0
127505388 0
127605952 10
127706564 0
127807120 0
127907680 0
128008248 150
128108904 0
128209468 112
128310116 0
128410680 0
128511248 23
128611856 90
128712452 7
128813012 0
128913576 0
129014144 30
129114748 112
129215392 105
129316048 254
129416704 0
129517268 31
129617868 26
129718476 0
129819040 7
129919600 102
130020248 14
130120860 0
130221420 0
130321976 0
130422536 0
130523096 0
130623664 0
130724236 0
130824792 0
130925352 0
131025744 9
131126212 5
131226684 0
131327156 0
131427628 0
131528100 0
131628576 0
131729048 0
131829520 0
131929988 0
132030504 0
132131016 0
132231528 0
132332044 0
132432572 0
132533084 0
132633600 0
132734112 0
132834624 0
132935144 0
133035660 0
133136184 0
133236700 0
133337208 5
133437720 14
133538280 23
133638840 31
133739404 41
133839964 49
133940524 54
134041092 57
134141660 59
134242224 62
134342780 57
134443340 51
134543908 49
134644480 38
134745036 17
134845596 3
134946112 16
135046672 0
135147188 0
135247712 0
135348224 0
135448736 0
135549248 0
135649768 0
135750288 0
135850808 0
135951320 0
136051832 0
136152344 0
136252860 0
136353372 0
136453892 0
136554408 330
136655008 210
136755608 0
136856132 19
136956692 0
137057208 182
137157812 4
137258320 0
137358844 41
137459400 153
137560000 70
137660556 0
137761072 14
137861640 0
137962160 26
138062724 0
138163240 80
138263796 25
138364356 43
138464924 14
138565492 0
138666008 0
138766520 0
138867032 0
138967552 0
139068072 0
139168592 46
139269148 0
139369664 13
139470220 0
139570740 0
139671264 0
139771776 0
139872288 0
139972804 0
140073320 0
140173840 0
140274356 0
140374880 0
140475392 0
140575904 0
140676416 0
140776940 0
140877460 0
140977976 0
141078532 0
141179096 25
141279700 105
141380356 125
141481004 70
141581608 47
141682212 45
141782820 14
141883424 0
141983980 0
142084540 0
142185108 0
142285676 0
142386236 21
142486844 0
142587404 0
142687972 0
142788532 0
142889092 0
142989652 0
143090220 0
143190788 0
143291352 0
143391908 0
143492468 0
143593036 0
143693604 40
143794208 0
143894764 0
143995324 23
144095936 0
144196492 0
144297052 0
144397612 156
144498268 42
144598880 0
144699436 152
144800084 0
144900652 0
145001220 100
145101872 181
145202520 124
145303172 0
145403740 21
145504344 0
145604904 0
145705468 0
145806036 0
145906600 0
146007156 0
146107716 0
146208284 0
146308852 0
146409412 0
146509972 0
146610532 0
146711100 0
146811668 0
146912228 0
147012792 8
147113348 16
147213960 31
147314568 32
147415172 38
147515768 46
147616372 52
147716984 47
147817592 49
147918192 46
148018800 22
148119412 30
148220008 1
148320564 28
148421176 0
148521740 0
148622308 0
148722860 0
148823420 0
148923988 12
149024600 0
149125156 0
149225720 0
149326280 0
149426844 10
149527456 0
149628012 0
149728572 0
149829140 150
149929796 0
150030360 112
150131008 0
150231572 0
150332140 23
150432748 90
150533344 7
150633904 0
150734468 0
150835036 30
150935640 112
151036284 105
151136940 254
151237596 0
151338160 31
151438760 26
151539368 0
151639932 7
151740492 102
151841140 14
151941752 0
152042312 0
152142868 0
152243428 0
152343988 0
152444556 0
152545128 0
152645684 0
152746244 0
152846636 9
152947104 5
153047576 0
153148048 0
153248520 0
153348992 0
153449468 0
153549940 0
153650412 0
153750880 0
153851396 0
153951908 0
154052420 0
154152936 0
154253464 0
154353976 0
154454492 0
154555004 0
154655516 0
154756036 0
154856552 0
154957076 0
155057592 0
155158100 5
155258612 14
155359172 23
155459732 31
155560296 41
155660856 49
155761416 54
155861984 57
155962552 59
156063116 62
156163672 57
156264232 51
156364800 49
156465372 38
156565928 17
156666488 3
156767004 16
156867564 0
156968080 0
157068604 0
157169116 0
157269628 0
157370140 0
157470660 0
157571180 0
157671700 0
157772212 0
157872724 0
157973236 0
158073752 0
158174264 0
158274784 0
158375300 330
158475900 210
158576500 0
158677024 19
158777584 0
158878100 182
158978704 4
159079212 0
159179736 41
159280292 153
159380892 70
159481448 0
159581964 14
159682532 0
159783052 26
159883616 0
159984132 80
160084688 25
160185248 43
160285816 14
160386384 0
160486900 0
160587412 0
160687924 0
160788444 0
160888964 0
160989484 46
161090040 0
161190556 13
161291112 0
161391632 0
161492156 0
161592668 0
161693180 0
161793696 0
161894212 0
161994732 0
162095248 0
162195772 0
162296284 0
162396796 0
162497308 0
162597832 0
162698352 0
162798868 0
162899424 0
162999988 25
163100592 105
163201248 125
163301896 70
163402500 47
163503104 45
163603712 14
163704316 0
163804872 0
163905432 0
164006000 0
164106568 0
164207128 21
164307736 0
164408296 0
164508864 0
164609424 0
164709984 0
164810544 0
164911112 0
165011680 0
165112244 0
165212800 0
165313360 0
165413928 0
165514496 40
165615100 0
165715656 0
165816216 23
165916828 0
166017384 0
166117944 0
166218504 156
166319160 42
166419772 0
166520328 152
166620976 0
166721544 0
166822112 100
166922764 181
167023412 124
167124064 0
167224632 21
167325236 0
167425796 0
167526360 0
167626928 0
167727492 0
167828048 0
167928608 0
168029176 0
168129744 0
168230304 0
168330864 0
168431424 0
168531992 0
168632560 0
168733120 0
168833684 8
168934240 16
169034852 31
169135460 32
169236064 38
169336660 46
169437264 52
169537876 47
169638484 49
169739084 46
169839692 22
169940304 30
170040900 1
170141456 28
170242068 0
170342632 0
170443200 0
170543752 0
170644312 0
170744880 12
170845492 0
170946048 0
171046612 0
171147172 0
171247736 10
171348348 0
171448904 0
171549464 0
171650032 150
171750688 0
171851252 112
171951900 0
172052464 0
172153032 23
172253640 90
172354236 7
172454796 0
172555360 0
172655928 30
172756532 112
172857176 105
172957832 254
173058488 0
173159052 31
173259652 26
173360260 0
173460824 7
173561384 102
173662032 14
173762644 0
173863204 0
173963760 0
174064320 0
174164880 0
174265448 0
174366020 0
174466576 0
174567136 0
174667528 9
174767996 5
174868468 0
174968940 0
175069412 0
175169884 0
175270360 0
175370832 0
175471304 0
175571772 0
175672288 0
175772800 0
175873312 0
175973828 0
176074356 0
176174868 0
176275384 0
176375896 0
176476408 0
176576928 0
176677444 0
176777968 0
176878484 0
176978992 5
177079504 14
177180064 23
177280624 31
177381188 41
177481748 49
177582308 54
177682876 57
177783444 59
177884008 62
177984564 57
178085124 51
178185692 49
178286264 38
178386820 17
178487380 3
178587896 16
178688456 0
178788972 0
178889496 0
178990008 0
179090520 0
179191032 0
179291552 0
179392072 0
179492592 0
179593104 0
179693616 0
179794128 0
179894644 0
179995156 0
180095676 0
180196192 330
180296792 210
180397392 0
180497916 19
180598476 0
180698992 182
180799596 4
180900104 0
181000628 41
181101184 153
181201784 70
181302340 0
181402856 14
181503424 0
181603944 26
181704508 0
181805024 80
181905580 25
182006140 43
182106708 14
182207276 0
182307792 0
182408304 0
182508816 0
182609336 0
182709856 0
182810376 46
182910932 0
183011448 13
183112004 0
183212524 0
183313048 0
183413560 0
183514072 0
183614588 0
183715104 0
183815624 0
183916140 0
184016664 0
184117176 0
184217688 0
184318200 0
184418724 0
184519244 0
184619760 0
184720316 0
184820880 25
184921484 105
185022140 125
185122788 70
185223392 47
185323996 45
185424604 14
185525208 0
185625764 0
185726324 0
185826892 0
185927460 0
186028020 21
186128628 0
186229188 0
186329756 0
186430316 0
186530876 0
186631436 0
186732004 0
186832572 0
186933136 0
187033692 0
187134252 0
187234820 0
187335388 40
187435992 0
187536548 0
187637108 23
187737720 0
187838276 0
187938836 0
188039396 156
188140052 42
188240664 0
188341220 152
188441868 0
188542436 0
188643004 100
188743656 181
188844304 124
188944956 0
189045524 21
189146128 0
189246688 0
189347252 0
189447820 0
189548384 0
189648940 0
189749500 0
189850068 0
189950636 0
190051196 0
190151756 0
190252316 0
190352884 0
190453452 0
190554012 0
190654576 8
190755132 16
190855744 31
190956352 32
191056956 38
191157552 46
191258156 52
191358768 47
191459376 49
191559976 46
191660584 22
191761196 30
191861792 1
191962348 28
192062960 0
192163524 0
192264092 0
192364644 0
192465204 0
192565772 12
192666384 0
192766940 0
192867504 0
192968064 0
193068628 10
193169240 0
193269796 0
193370356 0
193470924 150
193571580 0
193672144 112
193772792 0
193873356 0
193973924 23
194074532 90
194175128 7
194275688 0
194376252 0
194476820 30
194577424 112
194678068 105
194778724 254
194879380 0
194979944 31
195080544 26
195181152 0
195281716 7
195382276 102
195482924 14
195583536 0
195684096 0
195784652 0
195885212 0
195985772 0
196086340 0
196186912 0
196287468 0
196388028 0
196488420 9
196588888 5
196689360 0
196789832 0
196890304 0
196990776 0
197091252 0
197191724 0
197292196 0
197392664 0
197493180 0
197593692 0
197694204 0
197794720 0
197895248 0
197995760 0
198096276 0
198196788 0
198297300 0
198397820 0
198498336 0
198598860 0
198699376 0
198799884 5
198900396 14
199000956 23
199101516 31
199202080 41
199302640 49
199403200 54
199503768 57
199604336 59
199704900 62
199805456 57
199906016 51
200006584 49
200107156 38
200207712 17
200308272 3
200408788 16
200509348 0
200609864 0
200710388 0
200810900 0
200911412 0
201011924 0
201112444 0
201212964 0
201313484 0
201413996 0
201514508 0
201615020 0
201715536 0
201816048 0
201916568 0
202017084 330
202117684 210
202218284 0
202318808 19
202419368 0
202519884 182
202620488 4
202720996 0
202821520 41
202922076 153
203022676 70
203123232 0
203223748 14
203324316 0
203424836 26
203525400 0
203625916 80
203726472 25
203827032 43
203927600 14
204028168 0
204128684 0
204229196 0
204329708 0
204430228 0
204530748 0
204631268 46
204731824 0
204832340 13
204932896 0
205033416 0
205133940 0
205234452 0
205334964 0
205435480 0
205535996 0
205636516 0
205737032 0
205837556 0
205938068 0
206038580 0
206139092 0
206239616 0
206340136 0
206440652 0
206541208 0
206641772 25
206742376 105
206843032 125
206943680 70
207044284 47
207144888 45
207245496 14
207346100 0
207446656 0
207547216 0
207647784 0
207748352 0
207848912 21
207949520 0
208050080 0
208150648 0
208251208 0
208351768 0
208452328 0
208552896 0
208653464 0
208754028 0
208854584 0
208955144 0
209055712 0
209156280 40
209256884 0
209357440 0
209458000 23
209558612 0
209659168 0
209759728 0
209860288 156
209960944 42
210061556 0
210162112 152
210262760 0
210363328 0
210463896 100
210564548 181
210665196 124
210765848 0
210866416 21
210967020 0
211067580 0
211168144 0
211268712 0
211369276 0
211469832 0
211570392 0
211670960 0
211771528 0
211872088 0
211972648 0
212073208 0
212173776 0
212274344 0
212374904 0
212475468 8
212576024 16
212676636 31
212777244 32
212877848 38
212978444 46
213079048 52
213179660 47
213280268 49
213380868 46
213481476 22
213582088 30
213682684 1
213783240 28
213883852 0
213984416 0
214084984 0
214185536 0
214286096 0
214386664 12
214487276 0
214587832 0
214688396 0
214788956 0
214889520 10
214990132 0
215090688 0
215191248 0
215291816 150
215392472 0
215493036 112
215593684 0
215694248 0
215794816 23
215895424 90
215996020 7
216096580 0
216197144 0
216297712 30
216398316 112
216498960 105
216599616 254
216700272 0
216800836 31
216901436 26
217002044 0
217102608 7
217203168 102
217303816 14
217404428 0
217504988 0
217605544 0
217706104 0
217806664 0
217907232 0
218007804 0
218108360 0
218208920 0
218309312 9
218409780 5
218510252 0
218610724 0
218711196 0
218811668 0
218912144 0
219012616 0
219113088 0
219213556 0
219314072 0
219414584 0
219515096 0
219615612 0
219716140 0
219816652 0
219917168 0
220017680 0
220118192 0
220218712 0
220319228 0
220419752 0
220520268 0
220620776 5
220721288 14
220821848 23
220922408 31
221022972 41
221123532 49
221224092 54
221324660 57
221425228 59
221525792 62
221626348 57
221726908 51
221827476 49
221928048 38
222028604 17
222129164 3
222229680 16
222330240 0
222430756 0
222531280 0
222631792 0
222732304 0
222832816 0
222933336 0
223033856 0
223134376 0
223234888 0
223335400 0
223435912 0
223536428 0
223636940 0
223737460 0
223837976 330
223938576 210
224039176 0
224139700 19
224240260 0
224340776 182
224441380 4
224541888 0
224642412 41
224742968 153
224843568 70
224944124 0
225044640 14
225145208 0
225245728 26
225346292 0
225446808 80
225547364 25
225647924 43
225748492 14
225849060 0
225949576 0
226050088 0
226150600 0
226251120 0
226351640 0
226452160 46
226552716 0
226653232 13
226753788 0
226854308 0
226954832 0
227055344 0
227155856 0
227256372 0
227356888 0
227457408 0
227557924 0
227658448 0
227758960 0
227859472 0
227959984 0
228060508 0
228161028 0
228261544 0
228362100 0
228462664 25
228563268 105
228663924 125
228764572 70
228865176 47
228965780 45
229066388 14
229166992 0
229267548 0
229368108 0
229468676 0
229569244 0
229669804 21
229770412 0
229870972 0
229971540 0
230072100 0
230172660 0
230273220 0
230373788 0
230474356 0
230574920 0
230675476 0
230776036 0
230876604 0
230977172 40
231077776 0
231178332 0
231278892 23
231379504 0
231480060 0
231580620 0
231681180 156
231781836 42
231882448 0
231983004 152
232083652 0
232184220 0
232284788 100
232385440 181
232486088 124
232586740 0
232687308 21
232787912 0
232888472 0
232989036 0
233089604 0
233190168 0
233290724 0
233391284 0
233491852 0
233592420 0
233692980 0
233793540 0
233894100 0
233994668 0
234095236 0
234195796 0
234296360 8
234396916 16
234497528 31
234598136 32
234698740 38
234799336 46
234899940 52
235000552 47
235101160 49
235201760 46
235302368 22
235402980 30
235503576 1
235604132 28
235704744 0
235805308 0
235905876 0
236006428 0
236106988 0
236207556 12
236308168 0
236408724 0
236509288 0
236609848 0
236710412 10
236811024 0
236911580 0
237012140 0
237112708 150
237213364 0
237313928 112
237414576 0
237515140 0
237615708 23
237716316 90
237816912 7
237917472 0
238018036 0
238118604 30
238219208 112
238319852 105
238420508 254
238521164 0
238621728 31
238722328 26
238822936 0
238923500 7
239024060 102
239124708 14
239225320 0
239325880 0
239426436 0
239526996 0
239627556 0
239728124 0
239828696 0
239929252 0
240029812 0
240130204 9
240230672 5
240331144 0
240431616 0
240532088 0
240632560 0
240733036 0
240833508 0
240933980 0
241034448 0
241134964 0
241235476 0
241335988 0
241436504 0
241537032 0
241637544 0
241738060 0
241838572 0
241939084 0
242039604 0
242140120 0
242240644 0
242341160 0
242441668 5
242542180 14
242642740 23
242743300 31
242843864 41
242944424 49
243044984 54
243145552 57
243246120 59
243346684 62
243447240 57
243547800 51
243648368 49
243748940 38
243849496 17
243950056 3
244050572 16
244151132 0
244251648 0
244352172 0
244452684 0
244553196 0
244653708 0
244754228 0
244854748 0
244955268 0
245055780 0
245156292 0
245256804 0
245357320 0
245457832 0
245558352 0
245658868 330
245759468 210
245860068 0
245960592 19
246061152 0
246161668 182
246262272 4
246362780 0
246463304 41
246563860 153
246664460 70
246765016 0
246865532 14
246966100 0
247066620 26
247167184 0
247267700 80
247368256 25
247468816 43
247569384 14
247669952 0
247770468 0
247870980 0
247971492 0
248072012 0
248172532 0
248273052 46
248373608 0
248474124 13
248574680 0
248675200 0
248775724 0
248876236 0
248976748 0
249077264 0
249177780 0
249278300 0
249378816 0
249479340 0
249579852 0
249680364 0
249780876 0
249881400 0
249981920 0
250082436 0
250182992 0
250283556 25
250384160 105
250484816 125
250585464 70
250686068 47
250786672 45
250887280 14
250987884 0
251088440 0
251189000 0
251289568 0
251390136 0
251490696 21
251591304 0
251691864 0
251792432 0
251892992 0
251993552 0
252094112 0
252194680 0
252295248 0
252395812 0
252496368 0
252596928 0
252697496 0
252798064 40
252898668 0
252999224 0
253099784 23
253200396 0
253300952 0
253401512 0
253502072 156
253602728 42
253703340 0
253803896 152
253904544 0
254005112 0
254105680 100
254206332 181
254306980 124
254407632 0
254508200 21
254608804 0
254709364 0
254809928 0
254910496 0
255011060 0
255111616 0
255212176 0
255312744 0
255413312 0
255513872 0
255614432 0
255714992 0
255815560 0
255916128 0
256016688 0
256117252 8
256217808 16
256318420 31
256419028 32
256519632 38
256620228 46
256720832 52
256821444 47
256922052 49
257022652 46
257123260 22
257223872 30
257324468 1
257425024 28
257525636 0
257626200 0
257726768 0
257827320 0
257927880 0
258028448 12
258129060 0
258229616 0
258330180 0
258430740 0
258531304 10
258631916 0
258732472 0
258833032 0
258933600 150
259034256 0
259134820 112
259235468 0
259336032 0
259436600 23
259537208 90
259637804 7
259738364 0
259838928 0
259939496 30
260040100 112
260140744 105
260241400 254
260342056 0
260442620 31
260543220 26
260643828 0
260744392 7
260844952 102
260945600 14
261046212 0
261146772 0
261247328 0
261347888 0
261448448 0
261549016 0
261649588 0
261750144 0
261850704 0
261951096 9
262051564 5
262152036 0
262252508 0
262352980 0
262453452 0
262553928 0
262654400 0
262754872 0
262855340 0
262955856 0
263056368 0
263156880 0
263257396 0
263357924 0
263458436 0
263558952 0
263659464 0
263759976 0
263860496 0
263961012 0
264061536 0
264162052 0
264262560 5
264363072 14
264463632 23
264564192 31
264664756 41
264765316 49
264865876 54
264966444 57
265067012 59
265167576 62
265268132 57
265368692 51
265469260 49
265569832 38
265670388 17
265770948 3
265871464 16
265972024 0
266072540 0
266173064 0
266273576 0
266374088 0
266474600 0
266575120 0
266675640 0
266776160 0
266876672 0
266977184 0
267077696 0
267178212 0
267278724 0
267379244 0
267479760 330
267580360 210
267680960 0
267781484 19
267882044 0
267982560 182
268083164 4
268183672 0
268284196 41
268384752 153
268485352 70
268585908 0
268686424 14
268786992 0
268887512 26
268988076 0
269088592 80
269189148 25
269289708 43
269390276 14
269490844 0
269591360 0
269691872 0
269792384 0
269892904 0
269993424 0
270093944 46
270194500 0
270295016 13
270395572 0
270496092 0
270596616 0
270697128 0
270797640 0
270898156 0
270998672 0
271099192 0
271199708 0
271300232 0
271400744 0
271501256 0
271601768 0
271702292 0
271802812 0
271903328 0
272003884 0
272104448 25
272205052 105
272305708 125
272406356 70
272506960 47
272607564 45
272708172 14
272808776 0
272909332 0
273009892 0
273110460 0
273211028 0
273311588 21
273412196 0
273512756 0
273613324 0
273713884 0
273814444 0
273915004 0
274015572 0
274116140 0
274216704 0
274317260 0
274417820 0
274518388 0
274618956 40
274719560 0
274820116 0
274920676 23
275021288 0
275121844 0
275222404 0
275322964 156
275423620 42
275524232 0
275624788 152
275725436 0
275826004 0
275926572 100
276027224 181
276127872 124
276228524 0
276329092 21
276429696 0
276530256 0
276630820 0
276731388 0
276831952 0
276932508 0
277033068 0
277133636 0
277234204 0
277334764 0
277435324 0
277535884 0
277636452 0
277737020 0
277837580 0
277938144 8
278038700 16
278139312 31
278239920 32
278340524 38
278441120 46
278541724 52
278642336 47
278742944 49
278843544 46
278944152 22
279044764 30
279145360 1
279245916 28
279346528 0
279447092 0
279547660 0
279648212 0
279748772 0
279849340 12
279949952 0
280050508 0
280151072 0
280251632 0
280352196 10
280452808 0
280553364 0
280653924 0
280754492 150
280855148 0
280955712 112
281056360 0
281156924 0
281257492 23
281358100 90
281458696 7
281559256 0
281659820 0
281760388 30
281860992 112
281961636 105
282062292 254
282162948 0
282263512 31
282364112 26
282464720 0
282565284 7
282665844 102
282766492 14
282867104 0
282967664 0
283068220 0
283168780 0
283269340 0
283369908 0
283470480 0
283571036 0
283671596 0
283771988 9
283872456 5
283972928 0
284073400 0
284173872 0
284274344 0
284374820 0
284475292 0
284575764 0
284676232 0
284776748 0
284877260 0
284977772 0
285078288 0
285178816 0
285279328 0
285379844 0
285480356 0
285580868 0
285681388 0
285781904 0
285882428 0
285982944 0
286083452 5
286183964 14
286284524 23
286385084 31
286485648 41
286586208 49
286686768 54
286787336 57
286887904 59
286988468 62
287089024 57
287189584 51
287290152 49
287390724 38
287491280 17
287591840 3
287692356 16
287792916 0
287893432 0
287993956 0
288094468 0
288194980 0
288295492 0
288396012 0
288496532 0
288597052 0
288697564 0
288798076 0
288898588 0
288999104 0
289099616 0
289200136 0
289300652 330
289401252 210
289501852 0
289602376 19
289702936 0
289803452 182
289904056 4
290004564 0
290105088 41
290205644 153
290306244 70
290406800 0
290507316 14
290607884 0
290708404 26
290808968 0
290909484 80
291010040 25
291110600 43
291211168 14
291311736 0
291412252 0
291512764 0
291613276 0
291713796 0
291814316 0
291914836 46
292015392 0
292115908 13
292216464 0
292316984 0
292417508 0
292518020 0
292618532 0
292719048 0
292819564 0
292920084 0
293020600 0
293121124 0
293221636 0
293322148 0
293422660 0
293523184 0
293623704 0
293724220 0
293824776 0
293925340 25
294025944 105
294126600 125
294227248 70
294327852 47
294428456 45
294529064 14
294629668 0
294730224 0
294830784 0
294931352 0
295031920 0
295132480 21
295233088 0
295333648 0
295434216 0
295534776 0
295635336 0
295735896 0
295836464 0
295937032 0
296037596 0
296138152 0
296238712 0
296339280 0
296439848 40
296540452 0
296641008 0
296741568 23
296842180 0
296942736 0
297043296 0
297143856 156
297244512 42
297345124 0
297445680 152
297546328 0
297646896 0
297747464 100
297848116 181
297948764 124
298049416 0
298149984 21
298250588 0
298351148 0
298451712 0
298552280 0
298652844 0
298753400 0
298853960 0
298954528 0
299055096 0
299155656 0
299256216 0
299356776 0
299457344 0
299557912 0
299658472 0
299759036 8
299859592 16
299960204 31
300060812 32
300161416 38
300262012 46
300362616 52
300463228 47
300563836 49
300664436 46
300765044 22
300865656 30
300966252 1
301066808 28
301167420 0
301267984 0
301368552 0
301469104 0
301569664 0
301670232 12
301770844 0
301871400 0
301971964 0
302072524 0
302173088 10
302273700 0
302374256 0
302474816 0
302575384 150
302676040 0
302776604 112
302877252 0
302977816 0
303078384 23
303178992 90
303279588 7
303380148 0
303480712 0
303581280 30
303681884 112
303782528 105
303883184 254
303983840 0
304084404 31
304185004 26
304285612 0
304386176 7
304486736 102
304587384 14
304687996 0
304788556 0
304889112 0
304989672 0
305090232 0
305190800 0
305291372 0
305391928 0
305492488 0
305592880 9
305693348 5
305793820 0
305894292 0
305994764 0
306095236 0
306195712 0
306296184 0
306396656 0
306497124 0
306597640 0
306698152 0
306798664 0
306899180 0
306999708 0
307100220 0
307200736 0
307301248 0
307401760 0
307502280 0
307602796 0
307703320 0
307803836 0
307904344 5
308004856 14
308105416 23
308205976 31
308306540 41
308407100 49
308507660 54
308608228 57
308708796 59
308809360 62
308909916 57
309010476 51
309111044 49
309211616 38
309312172 17
309412732 3
309513248 16
309613808 0
309714324 0
309814848 0
309915360 0
310015872 0
310116384 0
310216904 0
310317424 0
310417944 0
310518456 0
310618968 0
310719480 0
310819996 0
310920508 0
311021028 0
311121544 330
311222144 210
311322744 0
311423268 19
311523828 0
311624344 182
311724948 4
311825456 0
311925980 41
312026536 153
312127136 70
312227692 0
312328208 14
312428776 0
312529296 26
312629860 0
312730376 80
312830932 25
312931492 43
313032060 14
313132628 0
313233144 0
313333656 0
313434168 0
313534688 0
313635208 0
313735728 46
313836284 0
313936800 13
314037356 0
314137876 0
314238400 0
314338912 0
314439424 0
314539940 0
314640456 0
314740976 0
314841492 0
314942016 0
315042528 0
315143040 0
315243552 0
315344076 0
315444596 0
315545112 0
315645668 0
315746232 25
315846836 105
315947492 125
316048140 70
316148744 47
316249348 45
316349956 14
316450560 0
316551116 0
316651676 0
316752244 0
316852812 0
316953372 21
317053980 0
317154540 0
317255108 0
317355668 0
317456228 0
317556788 0
317657356 0
317757924 0
317858488 0
317959044 0
318059604 0
318160172 0
318260740 40
318361344 0
318461900 0
318562460 23
318663072 0
318763628 0
318864188 0
318964748 156
319065404 42
319166016 0
319266572 152
319367220 0
319467788 0
319568356 100
319669008 181
319769656 124
319870308 0
319970876 21
320071480 0
320172040 0
320272604 0
320373172 0
320473736 0
320574292 0
320674852 0
320775420 0
320875988 0
320976548 0
321077108 0
321177668 0
321278236 0
321378804 0
321479364 0
321579928 8
321680484 16
321781096 31
321881704 32
321982308 38
322082904 46
322183508 52
322284120 47
322384728 49
322485328 46
322585936 22
322686548 30
322787144 1
322887700 28
322988312 0
323088876 0
323189444 0
323289996 0
323390556 0
323491124 12
323591736 0
323692292 0
323792856 0
323893416 0
323993980 10
324094592 0
324195148 0
324295708 0
324396276 150
324496932 0
324597496 112
324698144 0
324798708 0
324899276 23
324999884 90
325100480 7
325201040 0
325301604 0
325402172 30
325502776 112
325603420 105
325704076 254
325804732 0
325905296 31
326005896 26
326106504 0
326207068 7
326307628 102
326408276 14
326508888 0
326609448 0
326710004 0
326810564 0
326911124 0
327011692 0
327112264 0
327212820 0
327313380 0
327413772 9
327514240 5
327614712 0
327715184 0
327815656 0
327916128 0
328016604 0
328117076 0
328217548 0
328318016 0
328418532 0
328519044 0
328619556 0
328720072 0
328820600 0
328921112 0
329021628 0
329122140 0
329222652 0
329323172 0
329423688 0
329524212 0
329624728 0
329725236 5
329825748 14
329926308 23
330026868 31
330127432 41
330227992 49
330328552 54
330429120 57
330529688 59
330630252 62
330730808 57
330831368 51
330931936 49
331032508 38
331133064 17
331233624 3
331334140 16
331434700 0
331535216 0
331635740 0
331736252 0
331836764 0
331937276 0
332037796 0
332138316 0
332238836 0
332339348 0
332439860 0
332540372 0
332640888 0
332741400 0
332841920 0
332942436 330
333043036 210
333143636 0
333244160 19
333344720 0
333445236 182
333545840 4
333646348 0
333746872 41
333847428 153
333948028 70
334048584 0
334149100 14
334249668 0
334350188 26
334450752 0
334551268 80
334651824 25
334752384 43
334852952 14
334953520 0
335054036 0
335154548 0
335255060 0
335355580 0
335456100 0
335556620 46
335657176 0
335757692 13
335858248 0
335958768 0
336059292 0
336159804 0
336260316 0
336360832 0
336461348 0
336561868 0
336662384 0
336762908 0
336863420 0
336963932 0
337064444 0
337164968 0
337265488 0
337366004 0
337466560 0
337567124 25
337667728 105
337768384 125
337869032 70
337969636 47
338070240 45
338170848 14
338271452 0
338372008 0
338472568 0
338573136 0
338673704 0
338774264 21
338874872 0
338975432 0
339076000 0
339176560 0
339277120 0
339377680 0
339478248 0
339578816 0
339679380 0
339779936 0
339880496 0
339981064 0
340081632 40
340182236 0
340282792 0
340383352 23
340483964 0
340584520 0
340685080 0
340785640 156
340886296 42
340986908 0
341087464 152
341188112 0
341288680 0
341389248 100
341489900 181
341590548 124
341691200 0
341791768 21
341892372 0
341992932 0
342093496 0
342194064 0
342294628 0
342395184 0
342495744 0
342596312 0
342696880 0
342797440 0
342898000 0
342998560 0
343099128 0
343199696 0
343300256 0
343400820 8
343501376 16
343601988 31
343702596 32
343803200 38
343903796 46
344004400 52
344105012 47
344205620 49
344306220 46
344406828 22
344507440 30
344608036 1
344708592 28
344809204 0
344909768 0
345010336 0
345110888 0
345211448 0
345312016 12
345412628 0
345513184 0
345613748 0
345714308 0
345814872 10
345915484 0
346016040 0
346116600 0
346217168 150
346317824 0
346418388 112
346519036 0
346619600 0
346720168 23
346820776 90
346921372 7
347021932 0
347122496 0
347223064 30
347323668 112
347424312 105
347524968 254
347625624 0
347726188 31
347826788 26
347927396 0
348027960 7
348128520 102
348229168 14
348329780 0
348430340 0
348530896 0
348631456 0
348732016 0
348832584 0
348933156 0
349033712 0
349134272 0
349234664 9
349335132 5
349435604 0
349536076 0
349636548 0
349737020 0
349837496 0
349937968 0
350038440 0
350138908 0
350239424 0
350339936 0
350440448 0
350540964 0
350641492 0
350742004 0
350842520 0
350943032 0
351043544 0
351144064 0
351244580 0
351345104 0
351445620 0
351546128 5
351646640 14
351747200 23
351847760 31
351948324 41
352048884 49
352149444 54
352250012 57
352350580 59
352451144 62
352551700 57
352652260 51
352752828 49
352853400 38
352953956 17
353054516 3
353155032 16
353255592 0
353356108 0
353456632 0
353557144 0
353657656 0
353758168 0
353858688 0
353959208 0
354059728 0
354160240 0
354260752 0
354361264 0
354461780 0
354562292 0
354662812 0
354763328 330
354863928 210
354964528 0
355065052 19
355165612 0
355266128 182
355366732 4
355467240 0
355567764 41
355668320 153
355768920 70
355869476 0
355969992 14
356070560 0
356171080 26
356271644 0
356372160 80
356472716 25
356573276 43
356673844 14
356774412 0
356874928 0
356975440 0
357075952 0
357176472 0
357276992 0
357377512 46
357478068 0
357578584 13
357679140 0
357779660 0
357880184 0
357980696 0
358081208 0
358181724 0
358282240 0
358382760 0
358483276 0
358583800 0
358684312 0
358784824 0
358885336 0
358985860 0
359086380 0
359186896 0
359287452 0
359388016 25
359488620 105
359589276 125
359689924 70
359790528 47
359891132 45
359991740 14
360092344 0
360192900 0
360293460 0
360394028 0
360494596 0
360595156 21
360695764 0
360796324 0
360896892 0
360997452 0
361098012 0
361198572 0
361299140 0
361399708 0
361500272 0
361600828 0
361701388 0
361801956 0
361902524 40
362003128 0
362103684 0
362204244 23
362304856 0
362405412 0
362505972 0
362606532 156
362707188 42
362807800 0
362908356 152
363009004 0
363109572 0
363210140 100
363310792 181
363411440 124
363512092 0
363612660 21
363713264 0
363813824 0
363914388 0
364014956 0
364115520 0
364216076 0
364316636 0
364417204 0
364517772 0
364618332 0
364718892 0
364819452 0
364920020 0
365020588 0
365121148 0
365221712 8
365322268 16
365422880 31
365523488 32
365624092 38
365724688 46
365825292 52
365925904 47
366026512 49
366127112 46
366227720 22
366328332 30
366428928 1
366529484 28
366630096 0
366730660 0
366831228 0
366931780 0
367032340 0
367132908 12
367233520 0
367334076 0
367434640 0
367535200 0
367635764 10
367736376 0
367836932 0
367937492 0
368038060 150
368138716 0
368239280 112
368339928 0
368440492 0
368541060 23
368641668 90
368742264 7
368842824 0
368943388 0
369043956 30
369144560 112
369245204 105
369345860 254
369446516 0
369547080 31
369647680 26
369748288 0
369848852 7
369949412 102
370050060 14
370150672 0
370251232 0
370351788 0
370452348 0
370552908 0
370653476 0
370754048 0
370854604 0
370955164 0
371055556 9
371156024 5
371256496 0
371356968 0
371457440 0
371557912 0
371658388 0
371758860 0
371859332 0
371959800 0
372060316 0
372160828 0
372261340 0
372361856 0
372462384 0
372562896 0
372663412 0
372763924 0
372864436 0
372964956 0
373065472 0
373165996 0
373266512 0
373367020 5
373467532 14
373568092 23
373668652 31
373769216 41
373869776 49
373970336 54
374070904 57
374171472 59
374272036 62
374372592 57
374473152 51
374573720 49
374674292 38
374774848 17
374875408 3
374975924 16
375076484 0
375177000 0
375277524 0
375378036 0
375478548 0
375579060 0
375679580 0
375780100 0
375880620 0
375981132 0
376081644 0
376182156 0
376282672 0
376383184 0
376483704 0
376584220 330
376684820 210
376785420 0
376885944 19
376986504 0
377087020 182
377187624 4
377288132 0
377388656 41
377489212 153
377589812 70
377690368 0
377790884 14
377891452 0
377991972 26
378092536 0
378193052 80
378293608 25
378394168 43
378494736 14
378595304 0
378695820 0
378796332 0
378896844 0
378997364 0
379097884 0
379198404 46
379298960 0
379399476 13
379500032 0
379600552 0
379701076 0
379801588 0
379902100 0
380002616 0
380103132 0
380203652 0
380304168 0
380404692 0
380505204 0
380605716 0
380706228 0
380806752 0
380907272 0
381007788 0
381108344 0
381208908 25
381309512 105
381410168 125
381510816 70
381611420 47
381712024 45
381812632 14
381913236 0
382013792 0
382114352 0
382214920 0
382315488 0
382416048 21
382516656 0
382617216 0
382717784 0
382818344 0
382918904 0
383019464 0
383120032 0
383220600 0
383321164 0
383421720 0
383522280 0
383622848 0
383723416 40
383824020 0
383924576 0
384025136 23
384125748 0
384226304 0
384326864 0
384427424 156
384528080 42
384628692 0
384729248 152
384829896 0
384930464 0
385031032 100
385131684 181
385232332 124
385332984 0
385433552 21
385534156 0
385634716 0
385735280 0
385835848 0
385936412 0
386036968 0
386137528 0
386238096 0
386338664 0
386439224 0
386539784 0
386640344 0
386740912 0
386841480 0
386942040 0
387042604 8
387143160 16
387243772 31
387344380 32
387444984 38
387545580 46
387646184 52
387746796 47
387847404 49
387948004 46
388048612 22
388149224 30
388249820 1
388350376 28
388450988 0
388551552 0
388652120 0
388752672 0
388853232 0
388953800 12
389054412 0
389154968 0
389255532 0
389356092 0
389456656 10
389557268 0
389657824 0
389758384 0
389858952 150
389959608 0
390060172 112
390160820 0
390261384 0
390361952 23
390462560 90
390563156 7
390663716 0
390764280 0
390864848 30
390965452 112
391066096 105
391166752 254
391267408 0
391367972 31
391468572 26
391569180 0
391669744 7
391770304 102
391870952 14
391971564 0
392072124 0
392172680 0
392273240 0
392373800 0
392474368 0
392574940 0
392675496 0
392776056 0
392876448 9
392976916 5
393077388 0
393177860 0
393278332 0
393378804 0
393479280 0
393579752 0
393680224 0
393780692 0
393881208 0
393981720 0
394082232 0
394182748 0
394283276 0
394383788 0
394484304 0
394584816 0
394685328 0
394785848 0
394886364 0
394986888 0
395087404 0
395187912 5
395288424 14
395388984 23
395489544 31
395590108 41
395690668 49
395791228 54
395891796 57
395992364 59
396092928 62
396193484 57
396294044 51
396394612 49
396495184 38
396595740 17
396696300 3
396796816 16
396897376 0
396997892 0
397098416 0
397198928 0
397299440 0
397399952 0
397500472 0
397600992 0
397701512 0
397802024 0
397902536 0
398003048 0
398103564 0
398204076 0
398304596 0
398405112 330
398505712 210
398606312 0
398706836 19
398807396 0
398907912 182
399008516 4
399109024 0
399209548 41
399310104 153
399410704 70
399511260 0
399611776 14
399712344 0
399812864 26
399913428 0
400013944 80
400114500 25
400215060 43
400315628 14
400416196 0
400516712 0
400617224 0
400717736 0
400818256 0
400918776 0
401019296 46
401119852 0
401220368 13
401320924 0
401421444 0
401521968 0
401622480 0
401722992 0
401823508 0
401924024 0
402024544 0
402125060 0
402225584 0
402326096 0
402426608 0
402527120 0
402627644 0
402728164 0
402828680 0
402929236 0
403029800 25
403130404 105
403231060 125
403331708 70
403432312 47
403532916 45
403633524 14
403734128 0
403834684 0
403935244 0
404035812 0
404136380 0
404236940 21
404337548 0
404438108 0
404538676 0
404639236 0
404739796 0
404840356 0
404940924 0
405041492 0
405142056 0
405242612 0
405343172 0
405443740 0
405544308 40
405644912 0
405745468 0
405846028 23
405946640 0
406047196 0
406147756 0
406248316 156
406348972 42
406449584 0
406550140 152
406650788 0
406751356 0
406851924 100
406952576 181
407053224 124
407153876 0
407254444 21
407355048 0
407455608 0
407556172 0
407656740 0
407757304 0
407857860 0
407958420 0
408058988 0
408159556 0
408260116 0
408360676 0
408461236 0
408561804 0
408662372 0
408762932 0
408863496 8
408964052 16
409064664 31
409165272 32
409265876 38
409366472 46
409467076 52
409567688 47
409668296 49
409768896 46
409869504 22
409970116 30
410070712 1
410171268 28
410271880 0
410372444 0
410473012 0
410573564 0
410674124 0
410774692 12
410875304 0
410975860 0
411076424 0
411176984 0
411277548 10
411378160 0
411478716 0
411579276 0
411679844 150
411780500 0
411881064 112
411981712 0
412082276 0
412182844 23
412283452 90
412384048 7
412484608 0
412585172 0
412685740 30
412786344 112
412886988 105
412987644 254
413088300 0
413188864 31
413289464 26
413390072 0
413490636 7
413591196 102
413691844 14
413792456 0
