100476 0 0
201024 0 0
301568 0 0
402120 0 0
502676 0 0
603224 0 0
703768 0 0
804316 0 0
904864 0 0
1005424 0 0
1106020 7 0
1206612 41 0
1307252 0 0
1407852 0 0
1508452 41 0
1609092 32 0
1709732 15 0
1810380 20 0
1911016 0 0
2011608 0 0
2112204 3 1
2212808 10 1
2313444 4 1
2414040 30 1
2514688 0 1
2615284 0 1
2715880 0 1
2816480 25 1
2917128 0 1
3017724 14 1
3118372 0 1
3218968 9 1
3319564 5 1
3420172 0 1
3520764 39 1
3621408 0 1
3722004 0 1
3822604 0 0
3923200 0 0
4023800 0 0
4124396 0 0
4224996 0 0
4325588 0 0
4426184 0 0
4526792 0 0
4627392 2 0
4727984 0 0
4828584 0 0
4929176 4 0
5029780 3 0
5130376 9 0
5230964 0 0
5331560 0 0
5432156 11 0
5532800 0 0
5633396 1 0
5733988 0 0
5834592 0 0
5935188 0 0
6035784 0 0
6136376 0 0
6236976 0 0
6337572 3 0
6438168 1 0
6538760 0 0
6639356 0 0
6739956 0 1
6840556 0 1
6941156 0 1
7041756 0 1
7142356 76 1
7243000 0 1
7343592 49 1
7444236 27 1
7544880 0 1
7645472 0 1
7746064 0 1
7846660 0 1
7947264 0 1
8047864 14 1
8148500 1 1
8249100 0 1
8349708 34 1
8450348 16 1
8550984 0 1
8651580 41 1
8752224 0 1
8852828 48 1
8953464 25 1
9054108 0 1
9154704 0 0
9255296 0 0
9355888 16 0
9456536 0 0
9557128 0 0
9657720 2 0
9758312 0 0
9858912 0 0
9959508 0 0
10060104 0 0
10160740 0 0
10261388 0 0
10362032 0 0
10462668 0 0
10563312 0 0
10663952 8 0
10764588 0 0
10865228 0 0
10965872 0 0
11066524 0 0
11167164 0 0
11267808 10 0
11368492 0 0
11469132 6 0
11569768 6 0
11670412 2 0
11771060 8 0
11871700 0 0
11972348 0 0
12072992 0 0
12173636 18 0
12274320 0 0
12374964 0 0
12475604 0 0
12576244 0 0
12676888 0 0
12777532 0 0
12878172 0 0
12978812 0 0
13079456 9 0
13180092 0 0
13280732 15 0
13381420 0 0
13482064 0 1
13582708 0 1
13683348 0 1
13783992 0 1
13884628 0 1
13985268 51 1
14085956 0 1
14186604 0 1
14287244 0 1
14387892 0 1
14488536 0 1
14589172 0 1
14689812 0 1
14790456 0 1
14891104 9 1
14991748 0 1
15092396 69 1
15193096 0 1
15293736 0 1
15394372 21 1
15495060 0 1
15595700 9 1
15696340 10 1
15797028 24 1
15897716 0 1
15998356 20 1
16099048 0 1
16199696 6 1
16300340 0 1
16400980 25 1
16501668 14 0
16602352 12 0
16703032 0 0
16803676 0 0
16904320 0 0
17004960 0 0
17105604 0 0
17206248 0 0
17306884 0 0
17407520 0 0
17508164 0 0
17608812 0 0
17709452 0 0
17810096 0 0
17910736 3 0
18011372 13 0
18112056 0 0
18212704 6 0
18313348 0 0
18413988 7 0
18514636 0 0
18615280 5 0
18715916 7 0
18816556 1 0
18917200 5 0
19017844 0 0
19118484 0 0
19219132 0 0
19319780 0 0
19420420 5 0
19521060 8 0
19621704 0 0
19722348 0 0
19822988 0 0
19923636 0 0
20024280 0 0
20124916 0 0
20225556 0 0
20326204 0 0
20426852 0 0
20527492 0 0
20628136 1 0
20728784 0 0
20829420 0 0
20930060 0 0
21030708 0 0
21131352 0 0
21231996 0 0
21332636 0 0
21433280 1 0
21533916 0 0
21634556 1 0
21735200 0 0
21835840 1 0
21936476 5 0
22037116 0 0
22137764 3 0
22238404 2 0
22339044 4 0
22439688 2 0
22540332 0 0
22640972 0 0
22741612 0 0
22842260 0 0
22942900 2 0
23043540 0 0
23144184 0 0
23244832 0 0
23345476 0 0
23446116 0 0
23546764 0 0
23647412 0 0
23748052 0 0
23848700 0 0
23949348 0 0
24049988 0 0
24150628 26 0
24251320 0 0
24351956 0 1
24452596 15 1
24553288 21 1
24653984 4 1
24754620 0 1
24855268 0 1
24955916 0 1
25056560 0 1
25157196 0 1
25257844 0 1
25358492 0 1
25459132 27 1
25559824 32 1
25660512 66 1
25761200 78 1
25861884 0 1
25962532 0 1
26063172 14 1
26163856 0 0
26264504 0 0
26365140 0 0
26465780 0 0
26566424 0 0
26667072 0 0
26767708 0 0
26868348 0 0
26968996 0 0
27069636 0 0
27170276 0 0
27270920 0 0
27371560 0 0
27472204 0 0
27572844 0 0
27673488 0 0
27774132 0 0
27874776 3 0
27975416 0 0
28076060 9 0
28176700 0 0
28277340 0 0
28377988 0 0
28478636 3 0
28579276 3 0
28679924 0 0
28780568 0 0
28881212 0 0
28981852 0 0
29082496 0 0
29183136 0 0
29283780 0 0
29384428 0 0
29485076 0 0
29585716 0 0
29686356 0 0
29787004 0 0
29887652 0 0
29988292 0 0
30088940 0 0
30189588 0 0
30290228 0 0
30390868 0 0
30491516 14 0
30592208 51 1
30692888 32 1
30793584 4 1
30894228 0 1
30994868 14 1
31095560 12 1
31196256 0 1
31296900 11 1
31397588 26 1
31498280 33 1
31598968 18 1
31699656 16 1
31800352 93 1
31901040 0 1
32001684 0 1
32102328 0 1
32202972 0 1
32303612 11 1
32404304 0 1
32504948 0 0
32605592 0 0
32706236 0 0
32806884 0 0
32907524 0 0
33008164 0 0
33108808 17 0
33209492 0 0
33310132 0 0
33410776 0 0
33511416 0 0
33612052 6 0
33712692 1 0
33813336 11 0
33914024 5 0
34014660 1 0
34115308 3 0
34215956 3 0
34316596 0 0
34417236 1 0
34517880 0 0
34618524 0 0
34719164 0 0
34819812 0 0
34920456 0 0
35021100 0 0
35121740 0 0
35222388 0 0
35323036 0 0
35423676 0 0
35524324 0 0
35624972 0 0
35725612 0 0
35826252 0 0
35926900 0 0
36027548 0 0
36128188 0 0
36228832 0 0
36329480 0 0
36430124 0 0
36530764 0 0
36631412 0 0
36732060 0 0
36832700 0 0
36933348 6 0
37033992 8 0
37134636 6 0
37235276 10 0
37335964 2 0
37436604 12 0
37537288 2 0
37637932 0 0
37738580 0 0
37839220 0 0
37939860 0 0
38040508 0 0
38141148 2 0
38241788 0 0
38342436 0 0
38443084 69 0
38543772 22 1
38644464 48 1
38745152 11 1
38845836 0 1
38946484 0 1
39047132 0 1
39147772 13 1
39248456 0 1
39349100 0 1
39449748 0 1
39550388 0 1
39651036 0 1
39751692 10 1
39852376 5 1
39953020 0 1
40053668 0 1
40154308 8 1
40254948 9 1
40355596 0 1
40456244 96 1
40556932 26 1
40657624 0 1
40758264 0 1
40858900 4 1
40959540 0 1
41060192 0 0
41160832 9 0
41261468 0 0
41362116 0 0
41462764 8 0
41563404 0 0
41664048 0 0
41764688 0 0
41865340 0 0
41965980 0 0
42066624 0 0
42167264 0 0
42267900 0 0
42368540 0 0
42469184 0 0
42569836 0 0
42670476 0 0
42771120 2 0
42871764 4 0
42972404 6 0
43073044 7 0
43173688 4 0
43274332 2 0
43374972 3 0
43475612 0 0
43576260 0 0
43676900 0 0
43777540 0 0
43878184 0 0
43978828 0 0
44079468 0 0
44180108 0 0
44280756 0 0
44381396 0 0
44482036 0 0
44582684 0 0
44683328 0 0
44783964 0 0
44884612 0 0
44985256 0 0
45085892 0 0
45186532 0 0
45287180 0 0
45387824 0 0
45488460 0 1
45589100 0 1
45689748 0 1
45790388 14 1
45891076 4 1
45991720 43 1
46092408 17 1
46193088 21 1
46293772 0 1
46394420 0 1
46495060 75 1
46595744 0 1
46696396 0 1
46797036 0 1
46897676 0 1
46998324 0 1
47098972 0 1
47199616 0 1
47300252 0 1
47400900 0 1
47501540 0 1
47602180 0 1
47702828 0 1
47803476 7 0
47904120 5 0
48004756 0 0
48105404 0 0
48206044 0 0
48306684 0 0
48407332 27 0
48508024 0 0
48608660 0 0
48709308 1 0
48809956 0 0
48910596 0 0
49011236 0 0
49111884 4 0
49212532 3 0
49313172 0 0
49413820 9 0
49514468 2 0
49615108 0 0
49715748 0 0
49816396 0 0
49917044 0 0
50017684 0 0
50118328 0 0
50218976 0 0
50319612 0 0
50420256 0 0
50520900 0 0
50621548 0 0
50722188 0 0
50822836 7 0
50923484 0 0
51024128 22 0
51124808 19 0
51225496 22 0
51326176 14 0
51426856 0 0
51527508 0 0
51628156 68 0
51728840 2 0
51829488 0 0
51930132 63 0
52030816 181 1
52131548 0 1
52232204 0 1
52332844 0 1
52433484 7 1
52534128 0 1
52634780 0 1
52735420 0 1
52836068 0 1
52936716 0 1
53037356 0 1
53138000 0 1
53238640 22 1
53339328 0 1
53439964 0 1
53540612 0 1
53641260 0 0
53741900 0 0
53842540 0 0
53943184 0 0
54043828 0 0
54144472 0 0
54245112 8 0
54345756 0 0
54446396 0 0
54547036 0 0
54647684 1 0
54748332 1 0
54848972 2 0
54949616 0 0
55050260 0 0
55150900 0 0
55251544 0 0
55352188 0 0
55452836 0 0
55553476 0 0
55654124 0 0
55754772 15 0
55855456 0 0
55956092 0 0
56056740 0 0
56157380 0 0
56258020 0 0
56358668 14 0
56459360 0 0
56559996 0 0
56660636 0 1
56761284 110 1
56862012 0 1
56962656 194 1
57063388 43 1
57164076 86 1
57264760 0 1
57365404 0 1
57466044 0 1
57566684 0 1
57667332 0 1
57767980 79 1
57868664 0 1
57969308 91 1
58070000 38 1
58170680 1 1
58271316 0 0
58371964 0 0
58472612 0 0
58573252 0 0
58673896 0 0
58774540 0 0
58875184 0 0
58975824 0 0
59076468 0 0
59177116 0 0
59277760 0 0
59378404 0 0
59479052 0 0
59579692 3 0
59680336 4 0
59780976 6 0
59881620 0 0
59982260 0 0
60082908 3 0
60183564 8 0
60284208 3 0
60384848 5 0
60485492 0 0
60586140 7 0
60686780 0 0
60787428 0 0
60888076 3 0
60988716 0 0
61089360 0 0
61190004 0 0
61290652 0 0
61391292 0 0
61491940 0 0
61592588 0 0
61693236 0 0
61793876 4 0
61894524 0 0
61995172 10 0
62095860 0 0
62196508 40 1
62297200 0 1
62397844 46 1
62498536 129 1
62599268 0 1
62699908 33 1
62800600 64 1
62901296 8 1
63001932 0 1
63102572 0 1
63203220 0 1
63303860 23 1
63404548 84 1
63505244 0 1
63605892 15 1
63706576 86 1
63807264 0 1
63907916 42 1
64008600 37 1
64109284 0 0
64209932 0 0
64310572 0 0
64411212 0 0
64511856 0 0
64612500 0 0
64713140 0 0
64813788 0 0
64914444 0 0
65015084 0 0
65115724 0 0
65216372 0 0
65317020 11 0
65417704 9 0
65518348 21 0
65619040 0 0
65719680 0 0
65820316 12 0
65921004 22 0
66021688 24 0
66122368 22 0
66223060 10 0
66323744 5 0
66424388 5 0
66525032 5 0
66625676 0 0
66726316 0 0
66826964 0 0
66927608 0 0
67028244 1 0
67128884 0 0
67229532 0 0
67330176 0 0
67430812 0 0
67531456 0 0
67632100 0 0
67732740 0 0
67833380 0 0
67934028 0 0
68034676 15 0
68135360 1 0
68236004 6 0
68336648 0 0
68437292 18 0
68537976 13 0
68638664 12 0
68739352 8 0
68839988 13 0
68940680 6 0
69041324 0 0
69141968 7 0
69242608 0 0
69343252 0 0
69443896 2 0
69544532 0 0
69645180 0 0
69745824 0 0
69846468 0 0
69947112 0 0
70047756 0 0
70148400 0 0
70249036 0 0
70349684 0 0
70450332 0 0
70550976 0 0
70651628 0 0
70752276 0 0
70852916 5 0
70953556 0 0
71054204 5 0
71154852 6 0
71255496 5 0
71356140 0 0
71456788 11 0
71557472 0 0
71658116 5 0
71758764 8 0
71859408 2 0
71960044 1 0
72060692 0 0
72161340 0 0
72261980 0 0
72362620 0 0
72463268 0 0
72563908 0 0
72664548 0 0
72765196 0 0
72865844 0 0
72966484 0 0
73067124 0 0
73167772 0 0
73268412 0 0
73369056 21 0
73469744 0 0
