12 0 0
100476 0 0
201024 0 0
301568 0 0
402120 0 0
502676 0 0
603224 0 0
703768 0 0
804316 0 0
904864 7 0
1005424 0 0
1106020 0 0
1206612 0 0
1307208 0 0
1407812 6 0
1508412 0 0
1609008 0 0
1709604 0 0
1810204 0 0
1910804 0 0
2011400 1 0
2111988 5 0
2212588 0 0
2313188 0 0
2413788 0 0
2514388 0 0
2614988 0 0
2715592 0 0
2816184 0 0
2916780 0 0
3017376 0 0
3117976 0 0
3218568 0 0
3319156 0 0
3419752 0 0
3520348 0 0
3620948 0 0
3721544 33 0
3822180 9 0
3922780 0 0
7343748 16 0
7444396 13 0
7545036 0 0
7645632 0 0
7746232 0 0
7846828 0 0
7947424 0 0
8048016 3 0
8148604 0 0
8249204 0 0
8349804 0 0
8450400 0 0
8550988 0 0
8651588 0 0
8752188 0 0
8852788 0 0
8953384 0 0
9053984 6 0
9154580 0 0
9255176 0 0
9355768 0 0
9456364 0 0
9556964 0 0
9657560 2 0
9758152 2 0
9858752 2 0
9959352 2 0
10059944 0 0
10160580 3 0
10261224 18 0
10361908 18 0
10462592 5 0
10563240 0 0
10663880 1 0
10764512 3 0
10865148 2 0
10965792 0 0
11066444 0 0
11167088 0 0
11267724 0 0
11368368 0 0
11469004 0 0
11569640 0 0
11670284 1 0
11770932 0 0
11871572 0 0
11972212 0 0
12072856 0 0
12173492 0 0
12274132 4 0
12374780 26 0
12475468 30 0
15193196 0 0
15293840 19 0
15394528 0 0
15495176 11 0
15595856 7 0
15696500 14 0
15797188 11 0
15897872 19 0
15998560 8 0
16099204 2 0
16199848 0 0
16300484 14 0
16401176 0 0
16501824 13 0
16602504 0 0
16703144 2 0
16803784 0 0
16904420 0 0
17005060 0 0
17105704 16 0
17206388 1 0
17307028 0 0
17407676 0 0
17508324 0 0
17608964 0 0
17709604 0 0
17810248 0 0
17910892 0 0
18011536 1 0
18112180 6 0
18212824 6 0
18313460 5 0
18414100 0 0
18514744 0 0
18615384 1 0
18716028 0 0
18816668 0 0
18917312 6 0
19017948 0 0
19118588 0 0
19219236 0 0
19319880 0 0
19420528 0 0
19521164 3 0
19621808 1 0
19722444 0 0
19823088 0 0
19923732 14 0
20024424 0 0
