100524 32 0
201116 32 0
301708 32 0
402308 28 0
502908 28 0
603500 21 0
704096 0 0
804660 0 0
905220 0 0
1005768 0 0
1106356 0 0
1206956 0 0
1307560 0 0
1408148 0 0
1508740 0 0
1609340 82 0
1709984 128 0
1810672 74 0
1911304 89 0
2011944 114 0
2112628 114 0
2213308 100 0
2313996 73 0
2414640 0 0
2515240 0 0
2615840 0 0
2716436 0 0
2817036 0 0
2917628 0 0
3018228 0 0
3118828 26 0
3219472 0 0
3320064 202 0
3420740 169 0
3521428 99 0
3622068 60 0
3722708 44 0
3823352 42 0
3923996 28 0
4024636 28 0
4125280 34 0
4225920 48 0
4326568 55 0
4427204 52 0
4527848 28 0
4628496 0 0
4729092 5 0
4829688 0 0
4930284 10 0
5030928 16 0
5131564 15 0
5232200 11 0
5332840 17 0
5433488 2 0
5534084 4 0
5634680 5 0
5735284 7 0
5835884 5 0
5936480 8 0
6037076 12 0
6137720 8 0
6238320 12 0
6338964 15 0
6439608 21 0
6540252 24 0
6640892 32 0
6741528 35 0
6842172 38 0
6942816 41 0
7043460 44 0
7144104 42 0
7244744 36 0
7345380 29 0
7446020 30 0
7546664 28 0
7647308 25 0
7747948 0 0
7848544 0 0
7949140 0 0
8049740 0 0
8150340 0 0
8250936 0 0
8351532 0 0
8452132 0 0
8552728 0 0
8653328 0 0
8753924 0 0
8854528 0 0
8955128 0 0
9055728 0 0
9156328 0 0
9256924 0 0
9357520 6 0
9458112 11 0
9558752 12 0
9659400 18 0
9760044 19 0
9860680 18 0
9961324 13 0
10061968 12 0
10162656 8 0
10263296 4 0
10363936 5 0
10464572 0 0
10565212 0 0
10665856 0 0
10766496 0 0
10867132 0 0
10967776 0 0
11068420 0 0
11169060 0 0
11269700 0 0
11370344 0 0
11470992 0 0
11571636 0 0
11672280 3 0
11772936 6 0
11873584 9 1
11974220 0 1
12074868 0 1
12175516 0 1
12276156 0 1
12376804 0 1
12477452 0 1
12578092 0 1
12678732 0 1
12779376 0 1
12880020 122 1
12980744 267 0
13081472 200 0
13182204 138 0
13282932 106 0
13383664 87 0
13484344 61 0
13585032 65 0
13685716 83 1
13786400 0 1
13887044 0 1
13987688 0 1
14088328 0 1
14188964 0 1
14289608 0 1
14390248 11 1
14490928 0 1
14591572 0 1
14692220 9 1
14792868 484 0
14893596 251 0
14994332 157 0
15095060 107 0
15195788 84 0
15296480 65 0
15397168 48 0
15497856 34 0
15598552 39 0
15699232 90 0
15799920 0 1
15900572 0 1
16001212 0 1
16101852 0 1
16202496 0 1
16303136 13 1
16403820 19 1
16504512 105 1
16605240 51 1
16705920 205 1
16806648 477 0
16907376 285 0
17008108 140 0
17108840 87 0
17209524 77 0
17310208 46 0
17410892 20 0
17511580 9 0
17612220 17 0
17712912 17 0
17813596 15 0
17914280 16 0
18014968 42 1
18115664 0 1
18216300 0 1
18316940 19 1
18417632 0 1
18518268 0 1
18618908 26 1
18719596 101 1
18820332 48 1
18921016 0 1
19021668 43 1
19122356 217 0
19223084 126 0
19323816 89 0
19424496 69 0
19525176 25 0
19625868 16 0
19726560 8 0
19827196 0 0
19927844 0 0
20028492 0 0
20129132 0 0
20229772 4 0
20330420 13 0
20431104 39 0
20531792 85 1
20632476 113 1
20733204 0 1
20833844 0 1
20934488 0 1
21035128 0 1
21135772 22 1
21236460 8 1
21337108 45 1
21437792 36 1
21538480 40 0
21639164 0 0
21739812 0 0
21840452 0 0
21941096 0 0
22041744 0 0
22142380 0 0
22243028 0 0
22343676 0 0
22444324 0 0
22544964 0 0
22645608 1 0
22746256 0 0
22846892 0 1
22947540 0 1
23048184 0 1
23148832 0 1
23249468 0 1
23350112 0 1
23450756 0 1
23551396 0 1
23652044 0 1
23752692 140 1
23853420 314 0
23954156 173 0
24054892 127 0
24155620 88 0
24256312 52 0
24357008 31 0
24457688 24 0
24558372 18 0
24659064 12 0
24759752 9 0
24860396 36 0
24961088 52 0
25061768 6 0
25162412 0 1
25263060 0 1
25363700 0 1
25464340 0 1
25564988 0 1
25665636 0 1
25766276 6 1
25866920 33 1
25967604 58 1
26068288 64 1
26168976 24 1
26269672 31 1
26370352 31 1
26471032 186 1
26571760 152 0
26672488 0 0
26773124 0 0
26873768 0 0
26974404 0 0
27075044 0 0
27175688 0 0
27276332 0 0
27376972 0 0
27477612 0 0
27578260 45 0
27678944 104 0
27779668 234 1
27880404 246 1
27981132 167 1
28081864 68 1
28182560 103 1
28283284 83 1
28383972 75 1
28484664 47 1
28585352 41 1
28686040 41 1
28786732 0 1
28887376 0 0
28988012 0 0
29088656 0 0
29189300 2 0
29289940 21 0
29390628 0 0
29491276 0 0
29591916 23 0
29692608 30 0
29793296 18 0
29893976 0 0
29994616 75 0
30095304 0 1
30195952 0 1
30296592 0 1
30397236 0 1
30497884 54 1
30598568 0 1
30699212 0 1
30799860 123 1
30900588 76 1
31001280 172 0
31102012 110 0
31202744 57 0
31303432 0 0
31404084 1 0
31504724 17 0
31605408 12 0
31706096 12 0
31806784 6 0
31907428 3 0
32008076 3 0
32108720 6 0
32209364 5 0
32310008 4 0
32410652 106 0
32511380 32 0
32612076 0 0
32712724 0 0
32813364 0 1
32914004 0 1
33014652 38 1
33115340 7 1
33215980 68 1
33316676 60 1
33417364 90 1
33518048 51 1
33618736 111 1
33719472 113 0
33820200 20 0
33920884 13 0
34021572 10 0
34122260 0 0
34222904 0 0
34323548 0 0
34424188 0 0
34524828 0 0
34625472 0 0
34726108 0 0
34826748 0 0
34927396 69 0
35028088 0 1
35128724 0 1
35229372 0 1
35330016 0 1
35430652 0 1
35531292 0 1
35631940 6 1
35732588 10 1
35833272 0 1
35933924 104 0
36034660 36 0
36135344 1 0
36235996 0 0
36336652 0 0
36437292 0 0
36537936 0 0
36638580 0 0
36739228 0 0
36839868 0 0
36940516 0 0
37041164 0 0
37141804 0 0
37242444 0 0
37343092 0 1
37443740 0 1
37544380 0 1
37645028 0 1
37745676 0 1
37846320 3 1
37946956 0 1
38047604 0 1
38148252 64 1
38248936 0 1
38349588 38 1
38450280 0 1
38550924 41 1
38651616 0 1
38752268 0 1
38852908 0 1
38953548 61 0
39054240 34 0
39154928 0 0
39255568 0 0
39356212 11 0
39456904 11 0
39557584 2 0
39658228 9 0
39758876 10 0
39859560 9 0
39960196 3 0
40060844 3 0
40161484 0 0
40262124 0 0
40362772 0 0
40463420 0 0
40564060 0 0
40664700 0 0
40765348 0 0
40865988 0 0
40966628 0 0
41067272 0 0
41167916 0 1
41268556 0 1
41369196 0 1
41469844 0 1
41570488 0 1
41671124 83 1
41771816 0 1
41872460 58 1
41973144 0 1
42073792 35 1
42174480 49 1
42275160 66 1
42375840 26 1
42476532 27 1
42577216 24 1
42677904 168 1
42778640 149 0
42879364 71 0
42980056 80 0
43080748 93 0
43181432 81 0
43282128 57 0
43382824 42 0
43483508 24 0
43584200 8 0
43684848 6 0
43785484 2 0
43886124 0 0
43986772 3 0
44087420 9 0
44188060 17 0
44288752 106 0
44389488 0 1
44490124 0 1
44590772 0 1
44691420 1 1
44792060 6 1
44892704 113 1
44993436 0 1
45094076 0 1
45194716 2 1
45295364 51 1
45396056 25 1
45496736 8 1
45597388 0 1
45698036 23 1
45798720 53 1
45899412 6 1
46000060 16 1
46100744 59 0
46201424 0 0
46302068 0 0
46402716 0 0
46503356 27 0
46604048 4 0
46704700 9 0
46805340 14 0
46906032 15 0
47006724 20 0
47107408 24 0
47208088 23 0
47308780 26 0
47409468 33 0
47510152 38 0
47610844 93 0
47711528 0 1
47812164 31 1
47912856 41 1
48013544 0 1
48114180 81 1
48214872 72 1
48315568 58 1
48416248 13 1
48516932 0 1
48617580 1 1
48718224 31 1
48818920 0 1
48919572 0 1
49020212 0 1
49120852 0 1
49221500 1 1
49322148 22 1
49422832 0 1
49523484 79 1
49624176 0 1
49724812 18 1
49825504 116 1
49926236 0 1
50026876 44 1
50127568 25 1
50228264 0 1
50328900 0 1
50429540 4 1
50530188 51 0
50630880 17 0
50731560 0 0
50832204 0 0
50932856 0 0
51033492 0 0
51134140 0 0
51234788 0 0
51335428 0 0
51436068 0 0
51536716 0 0
51637364 0 0
51738004 0 0
51838648 3 0
51939296 98 0
52039976 0 1
52140620 0 1
52241268 0 1
52341916 0 1
52442556 0 1
52543200 0 1
52643844 0 1
52744484 0 1
52845124 0 1
52945768 0 1
53046416 0 1
53147052 35 1
53247740 59 1
53348432 25 1
53449120 27 1
53549812 38 1
53650504 48 1
53751184 0 1
53851836 30 1
53952528 0 1
54053164 0 1
54153804 0 1
54254448 32 1
54355136 0 1
54455776 0 1
54556420 0 1
54657068 78 1
54757756 153 0
54858492 20 0
54959184 0 0
55059824 0 0
55160468 0 0
55261116 0 0
55361756 0 0
55462396 0 0
55563044 0 0
55663692 0 0
55764336 0 0
55864980 0 0
55965628 12 0
56066312 18 0
56166992 31 0
56267688 49 0
56368368 44 0
56469048 40 0
56569736 27 0
56670420 21 0
56771108 16 0
56871800 23 0
56972496 7 0
57073140 0 0
57173788 0 0
57274436 0 0
57375080 0 0
57475716 0 0
57576364 0 0
57677004 0 0
57777644 0 0
57878288 0 0
57978936 2 0
58079572 0 0
58180212 9 0
58280860 16 0
58381548 13 0
58482236 21 0
58582928 26 0
58683616 33 0
58784296 35 0
58884988 32 0
58985680 30 0
59086360 30 0
59187048 24 0
59287744 21 0
59388436 14 0
59489128 8 0
59589772 3 0
59690412 0 0
59791060 0 0
59891712 0 0
59992356 0 0
60092996 0 0
60193644 0 0
60294292 0 0
60394932 0 0
60495584 0 0
60596236 0 0
60696880 0 0
60797528 0 0
60898172 0 0
60998820 0 0
61099464 3 0
61200108 8 0
61300760 13 0
61401440 16 0
61502128 21 0
61602824 20 0
61703508 23 0
61804192 25 0
61904888 23 0
62005568 17 0
62106248 17 0
62206936 10 0
62307620 7 0
62408260 0 0
62508908 0 0
62609556 0 0
62710196 0 0
62810844 0 0
62911500 0 0
63012144 0 0
63112780 0 0
63213428 0 0
63314076 0 0
63414716 0 0
63515364 0 0
63616012 0 0
63716652 0 0
63817292 0 0
63917940 0 0
64018588 3 0
64119228 8 0
64219876 13 0
64320568 16 0
64421248 21 0
64521932 23 0
64622620 23 0
64723304 23 0
64823988 24 0
64924684 20 0
65025372 17 0
65126064 10 0
65226756 4 0
65327396 0 0
65428036 0 0
65528684 0 0
65629332 0 0
65729972 0 0
65830616 0 0
65931256 0 0
66031892 0 0
66132532 0 0
66233176 0 0
66333820 0 0
66434464 0 0
66535108 0 0
66635756 0 0
66736396 0 0
66837036 0 0
66937684 0 0
67038328 0 0
67138968 2 0
67239612 8 0
67340256 13 0
67440936 15 0
67541624 16 0
67642312 16 0
67743000 14 0
67843688 12 0
67944376 6 0
68045012 5 0
68145652 5 0
68246300 0 0
68346948 0 0
68447588 0 0
68548228 0 0
68648876 0 0
68749520 0 0
68850156 0 0
68950804 0 0
69051452 0 0
69152092 0 0
69252732 0 0
69353380 0 0
69454020 0 0
69554660 0 0
69655308 0 0
69755952 0 0
69856588 0 0
69957228 3 0
70057876 9 0
70158516 14 0
70259200 17 0
70359896 20 0
70460592 19 0
70561272 19 0
70661968 21 0
70762664 22 0
70863344 17 0
70964040 11 0
71064724 5 0
71165364 3 0
71266012 0 0
71366668 0 0
71467308 0 0
71567948 0 0
71668600 0 0
71769244 0 0
71869884 0 0
71970532 0 0
72071180 0 0
72171824 0 0
72272460 0 0
72373108 0 0
72473756 0 0
72574396 0 0
72675044 0 0
72775692 1 0
72876332 3 0
72976972 10 0
73077664 12 0
73178352 15 0
73279032 18 0
73379720 21 0
73480408 20 0
73581092 24 0
73681784 23 0
73782472 22 0
73883160 14 0
73983856 11 0
74084552 3 0
74185196 0 0
74285844 0 0
74386492 0 0
74487132 0 0
74587772 0 0
74688420 0 0
74789060 0 0
74889704 0 0
74990348 0 0
75090996 0 0
75191636 0 0
75292280 0 0
75392924 0 0
75493564 0 0
75594208 0 0
75694852 0 0
