100476 0 0
201024 0 0
301568 2 0
402120 6 0
502676 12 0
603272 14 0
703860 16 0
804456 19 0
905060 19 0
1005660 21 0
1106296 20 0
1206928 16 0
1307576 1 0
1408172 6 0
1508764 4 0
1609360 6 0
1709964 0 0
1810564 0 1
1911156 95 1
2011796 45 1
2112444 0 1
2213036 0 1
2313632 0 1
2414228 0 1
2514828 0 1
2615428 0 1
2716024 80 1
2816656 124 1
2917340 20 1
3017980 0 1
3118576 122 1
3219268 39 1
3319912 0 1
3420504 0 1
3521092 18 1
3621736 8 1
3722340 49 1
3822980 49 0
3923624 33 0
4024268 25 0
4124908 23 0
4225544 21 0
4326192 21 0
4426832 19 0
4527476 18 0
4628116 13 0
4728764 9 0
4829360 6 0
4929960 2 0
5030548 0 0
5131148 0 0
5231748 0 0
5332344 0 0
5432932 0 0
5533532 0 0
5634132 0 0
5734724 0 0
5835316 0 0
5935916 0 0
6036520 0 0
6137120 0 0
6237712 0 0
6338312 0 0
6438916 0 0
6539512 0 0
6640104 0 0
6740700 5 0
6841300 8 0
6941896 12 0
7042540 16 0
7143188 21 0
7243836 24 0
7344476 24 0
7445116 21 0
7545760 17 0
7646396 10 0
7747040 7 0
7847640 5 0
7948236 25 0
8048876 0 0
8149472 0 0
8250072 0 0
8350668 7 1
8451264 0 1
8551852 33 1
8652496 343 1
8753180 0 1
8853776 0 1
8954368 271 1
9055064 0 1
9155668 0 1
9256264 0 1
9356856 0 1
9457452 0 1
9558052 0 1
9658648 0 1
9759240 356 1
9859928 0 1
9960524 0 1
10061120 265 1
10161848 0 1
10262488 0 1
10363124 122 1
10463852 121 1
10564588 0 1
10665224 60 1
10765900 0 1
10866544 0 1
10967184 6 1
11067820 0 1
11168464 0 1
11269104 0 1
11369740 0 1
11470380 11 1
11571068 0 1
11671716 0 1
11772356 0 1
11873004 0 1
11973652 34 1
12074336 2 1
12174980 30 1
12275672 0 1
12376308 0 1
12476948 0 1
12577592 0 1
12678232 0 1
12778868 0 1
12879512 0 1
12980152 82 1
13080832 94 1
13181512 16 1
13282204 0 1
13382844 0 1
13483484 28 1
13584172 38 1
13684860 0 1
13785500 169 1
13886232 96 1
13986916 0 1
14087556 29 1
14188244 27 0
14288936 0 0
14389572 0 0
14490212 0 0
14590860 0 0
14691508 0 0
14792148 0 0
14892792 0 0
14993436 0 0
15094076 0 0
15194720 0 0
15295364 0 0
15396012 0 0
15496652 0 0
15597296 6 0
15697940 10 0
15798624 15 0
15899308 19 0
15999996 22 0
16100692 21 0
16201376 20 0
16302060 16 0
16402744 14 0
16503420 11 0
16604108 8 0
16704748 0 0
16805388 0 0
16906036 0 0
17006680 0 0
17107324 0 0
17207964 0 0
17308608 0 0
17409244 0 0
17509880 0 0
17610532 0 0
17711180 0 0
17811820 0 0
17912460 0 0
18013108 0 0
18113748 0 0
18214388 0 0
18315036 2 0
18415684 4 0
18516324 12 0
18617012 16 0
18717708 18 0
18818392 17 0
18919088 31 0
19019780 17 0
19120464 9 0
19221108 13 0
19321796 27 0
19422484 0 0
19523124 4 0
19623768 0 0
19724412 0 0
19825052 0 0
19925696 0 0
20026340 0 0
20126980 32 1
20227664 83 1
20328360 0 1
20428996 49 1
20529680 0 1
20630320 0 1
20730972 83 1
20831656 45 1
20932344 0 1
21032988 7 1
21133632 25 1
21234312 56 1
21335000 52 0
21435680 26 0
21536368 23 0
21637060 25 0
21737744 20 0
21838424 16 0
21939108 15 0
22039792 12 0
22140472 8 0
22241124 2 0
22341772 0 0
22442412 0 0
22543056 0 0
22643696 0 0
22744332 0 0
22844972 0 0
22945620 0 0
23046264 0 0
23146908 0 0
23247552 0 0
23348192 0 0
23448836 0 0
23549476 0 0
23650124 0 0
23750772 0 0
23851412 0 0
23952060 0 0
24052704 5 0
24153340 12 0
24254024 8 0
24354668 23 1
24455360 0 1
24555996 0 1
24656644 0 1
24757292 69 1
24857976 97 1
24958668 11 1
25059360 123 1
25160092 22 1
25260780 0 1
25361428 58 1
25462112 0 1
25562748 0 1
25663396 23 1
25764080 0 1
25864728 234 1
25965456 0 1
26066100 0 1
26166740 0 1
26267388 0 1
26368032 0 1
26468664 0 1
26569308 4 1
26669952 76 1
26770636 16 1
26871320 40 1
26972012 54 0
27072700 35 0
27173384 24 0
27274072 18 0
27374768 21 0
27475448 22 0
27576140 20 0
27676832 13 0
27777512 6 0
27878156 5 0
27978804 8 0
28079444 3 0
28180084 3 0
28280728 0 0
28381364 0 0
28482004 0 0
28582648 0 0
28683292 0 0
28783932 0 0
28884572 0 0
28985220 0 0
29085868 0 0
29186508 0 0
29287152 0 0
29387796 0 0
29488436 0 0
29589080 7 0
29689724 15 0
29790416 17 0
29891096 19 0
29991792 20 0
30092488 22 0
30193176 23 0
30293864 21 0
30394552 20 0
30495232 12 0
30595920 8 0
30696564 3 0
30797208 0 0
30897852 0 0
30998500 0 0
31099140 0 0
31199780 0 0
31300428 0 0
31401076 0 0
31501716 0 0
31602364 0 0
31703012 0 0
31803656 0 0
31904292 0 0
32004940 0 0
32105584 0 0
32206228 0 0
32306872 0 0
32407516 0 0
32508156 0 1
32608796 49 1
32709488 59 1
32810176 0 1
32910808 0 1
33011452 14 1
33112140 12 1
33212824 0 1
33313472 228 1
33414200 0 1
33514836 0 1
33615476 281 1
33716208 95 1
33816888 215 1
33917616 0 1
34018268 0 1
34118908 0 1
34219548 0 1
34320196 0 1
34420844 0 1
34521484 0 1
34622132 103 1
34722864 41 1
34823544 0 1
34924180 0 1
35024824 2 1
35125460 32 1
35226148 41 0
35326836 25 0
35427528 28 0
35528212 27 0
35628904 23 0
35729592 19 0
35830272 14 0
35930960 13 0
36031648 10 0
36132328 5 0
36232968 0 0
36333612 0 0
36434252 0 0
36534892 0 0
36635540 0 0
36736180 0 0
36836820 0 0
36937468 0 0
37038116 0 0
37138756 0 0
37239396 0 0
37340044 0 0
37440692 0 0
37541332 0 0
37641980 0 0
37742628 1 0
37843268 6 0
37943908 10 0
38044600 15 0
38145288 19 0
38245968 21 0
38346656 21 0
38447344 17 0
38548024 14 0
38648708 10 0
38749400 8 0
38850036 4 0
38950684 0 0
39051332 0 0
39151972 0 0
39252616 0 0
39353260 0 0
39453900 0 0
39554540 0 0
39655188 0 0
39755836 0 0
39856480 0 0
39957116 0 0
40057764 0 1
40158404 0 1
40259044 0 1
40359692 187 1
40460428 96 1
40561112 0 1
40661764 0 1
40762412 93 1
40863096 0 1
40963732 58 1
41064424 14 1
41165104 0 1
41265740 26 1
41366432 0 1
41467076 0 1
41567716 86 1
41668408 84 1
41769100 0 1
41869740 29 1
41970432 0 1
42071072 0 1
42171708 10 1
42272392 50 1
42373084 0 1
42473724 0 1
42574364 73 1
42675056 0 1
42775708 129 1
42876436 0 1
42977084 95 1
43077776 0 1
43178412 0 1
43279060 86 1
43379748 9 1
43480388 74 1
43581072 25 1
43681768 0 1
43782404 38 1
43883088 13 1
43983776 52 0
44084464 29 0
44185144 3 0
44285788 0 0
44386436 0 0
44487076 0 0
44587724 0 0
44688372 0 0
44789012 0 0
44889652 0 0
44990296 0 0
45090940 0 0
45191580 0 0
45292228 0 0
45392876 0 0
45493516 0 0
45594160 2 0
45694804 8 0
45795452 13 0
45896136 16 0
45996820 18 0
46097512 20 0
46198192 20 0
46298880 16 0
46399568 12 0
46500248 9 0
46600888 5 0
46701528 0 0
46802164 0 0
46902804 0 0
47003452 0 0
47104100 0 0
47204740 0 0
47305388 0 0
47406036 0 0
47506680 0 0
47607316 0 0
47707964 0 0
47808612 0 0
47909252 0 0
48009900 0 0
48110544 1 0
48211180 7 0
48311820 12 0
48412512 15 0
48513200 17 0
48613888 20 0
48714576 19 0
48815272 17 0
48915952 14 0
49016640 8 0
49117292 4 0
49217936 4 0
49318576 0 0
49419216 0 0
49519852 0 0
49620500 0 0
49721152 0 0
49821796 0 0
49922436 0 0
50023080 0 0
50123720 0 0
50224360 0 0
50324996 0 0
50425644 0 0
50526292 0 0
50626932 1 0
50727572 6 0
50828220 12 0
50928908 3 0
51029548 2 0
51130196 0 0
51230844 42 1
51331528 0 1
51432168 0 1
51532808 34 1
51633496 31 1
51734176 0 1
51834828 0 1
51935472 13 1
52036152 0 1
52136796 0 1
52237444 0 1
52338084 0 1
52438732 0 1
52539376 58 1
52640056 0 1
52740692 56 1
52841380 187 1
52942108 0 1
53042748 12 1
53143440 43 0
53244128 50 0
53344816 36 0
53445500 30 0
53546192 28 0
53646872 25 0
53747568 19 0
53848264 9 0
53948900 9 0
54049548 4 0
54150196 0 0
54250836 0 0
54351480 0 0
54452124 0 0
54552764 0 0
54653408 0 0
54754052 0 0
54854700 0 0
54955344 0 0
55055984 0 0
55156628 0 0
55257268 0 0
55357908 0 0
55458556 0 0
55559204 3 0
55659844 9 0
55760484 13 0
55861172 18 0
55961856 21 0
56062544 20 0
56163240 19 0
56263928 14 0
56364616 13 0
56465300 7 0
56565940 1 0
56666580 0 0
56767228 0 0
56867876 0 0
56968516 0 0
57069156 0 0
57169804 0 0
57270452 0 0
57371096 0 1
57471740 0 1
57572388 0 1
57673032 0 1
57773668 0 1
57874316 0 1
57974964 0 1
58075608 21 1
58176296 36 1
58276988 0 1
58377628 0 1
58478272 28 1
58578960 81 1
58679640 170 1
58780380 131 1
58881116 48 1
58981804 0 1
59082452 0 1
59183100 41 1
59283800 0 1
59384436 0 1
59485084 0 1
59585724 9 1
59686364 41 1
59787060 24 1
59887752 0 1
59988396 0 1
60089044 47 1
60189736 0 1
60290372 56 1
60391060 0 1
60491708 0 1
60592352 53 1
60693036 58 1
60793728 165 1
60894468 0 1
60995108 36 1
61095804 101 1
61196544 0 1
61297188 50 1
61397880 131 1
61498612 82 1
61599296 0 1
61699952 0 1
61800596 52 1
61901284 0 1
62001932 0 1
62102580 43 1
62203264 21 1
62303952 11 1
62404640 0 1
62505284 0 1
62605924 0 1
62706572 0 1
62807220 65 1
62907904 0 1
63008548 0 1
63109196 16 1
63209880 46 0
63310576 40 0
63411264 25 0
63511952 22 0
63612652 19 0
63713344 11 0
63814032 5 0
63914680 2 0
64015328 0 0
64115964 0 0
64216604 0 0
64317252 0 0
64417900 0 0
64518540 0 0
64619184 0 0
64719828 0 0
64820468 0 0
64921108 0 0
65021756 0 0
65122404 0 0
65223044 0 0
65323692 5 0
65424340 10 0
65525024 13 0
65625716 17 0
65726404 19 0
65827088 20 0
65927768 19 0
66028460 14 0
66129144 13 0
66229824 4 0
66330476 0 0
66431124 0 0
66531764 0 0
66632412 0 0
66733060 0 0
66833700 0 0
66934340 0 0
67034988 0 0
67135636 0 0
67236276 0 1
67336920 0 1
67437564 0 1
67538212 0 1
67638852 0 1
67739500 89 1
67840192 41 1
67940884 40 1
68041576 0 1
68142220 1 1
68242860 0 1
68343504 0 1
68444148 0 1
68544788 0 1
68645428 0 1
68746076 12 1
68846768 0 1
68947404 0 1
69048048 0 1
69148696 47 1
69249376 0 1
69350020 0 1
69450668 0 1
69551308 12 1
69651992 18 1
69752680 54 1
69853368 0 1
69954004 4 1
70054652 0 1
70155300 86 1
70255984 0 1
70356624 13 1
70457320 0 1
70557956 0 1
70658600 0 1
70759240 0 1
70859884 15 1
70960568 24 1
71061256 24 0
71161952 8 0
71262600 0 0
71363248 0 0
71463892 0 0
71564532 0 0
71665176 0 0
71765820 0 0
71866468 0 0
71967108 0 0
72067760 0 0
72168404 0 0
72269044 0 0
72369684 0 0
72470332 1 0
72570980 6 0
72671620 9 0
72772268 13 0
72872968 17 0
72973648 19 0
73074336 18 0
73175036 17 0
73275724 14 0
73376412 10 0
73477108 6 0
73577752 0 0
73678388 0 0
73779036 0 0
73879684 0 0
73980324 0 0
74080972 0 0
74181620 0 0
74282260 0 0
74382900 0 0
74483548 0 0
74584196 0 1
74684836 0 1
74785484 0 1
74886132 0 1
74986772 0 1
75087412 0 1
75188060 10 1
75288752 8 1
75389396 63 1
75490092 0 1
75590740 0 1
75691380 39 1
75792072 0 1
75892716 0 1
75993360 4 1
76094000 14 0
76194688 19 0
76295384 7 0
76396020 0 0
76496668 0 0
76597316 0 0
76697956 0 0
76798600 0 0
76899248 0 0
76999884 0 0
77100524 0 0
77201172 0 0
77301820 0 0
77402464 0 0
77503104 5 0
77603748 10 0
77704432 12 0
77805112 16 0
77905800 18 0
78006488 23 0
78107176 18 0
78207864 23 0
78308552 9 0
78409192 3 0
78509836 0 0
78610484 0 0
78711128 0 0
78811764 0 0
78912412 0 0
79013052 0 0
79113692 0 0
79214340 0 0
79314988 0 0
79415632 0 0
79516268 0 0
79616916 0 0
79717556 0 0
79818200 0 0
79918844 0 0
80019492 1 0
80120132 6 0
80220772 11 0
80321468 13 0
80422152 16 0
80522832 18 0
80623524 19 0
80724208 16 0
80824900 14 0
80925592 10 0
81026272 5 0
81126908 0 0
81227556 0 0
81328204 0 0
81428844 0 0
81529484 0 0
81630132 0 0
81730780 0 0
81831424 0 0
81932068 0 0
82032712 0 0
82133356 0 0
82233996 0 0
82334644 0 0
82435284 0 0
82535924 0 0
82636572 0 0
82737220 5 0
82837860 11 0
82938552 13 0
83039252 17 0
83139940 19 0
83240632 18 0
83341324 21 0
83442008 21 0
83542704 12 0
83643400 11 0
83744088 6 0
83844732 0 0
83945380 0 0
84046020 0 0
84146660 0 0
84247308 0 1
84347952 0 1
84448588 0 1
84549228 0 1
84649872 0 1
84750516 0 1
84851156 0 1
84951804 0 1
85052452 0 1
85153092 0 1
85253732 0 1
85354380 237 1
85455116 179 1
85555844 0 1
85656488 22 1
85757168 67 1
85857856 0 1
85958500 34 1
86059192 0 1
86159832 27 1
86260520 8 1
86361172 68 1
86461856 37 1
86562544 0 1
86663192 71 1
86763872 0 1
86864508 7 1
86965152 0 1
87065788 0 1
87166428 101 1
87267164 0 1
87367812 0 1
87468452 3 1
87569100 0 1
87669748 0 1
87770388 0 1
87871028 0 1
87971676 24 1
88072368 27 1
88173056 12 1
88273744 3 1
88374388 0 1
88475028 2 1
88575672 0 1
88676316 217 1
88777044 0 1
88877688 8 1
88978332 13 1
89079016 31 0
89179708 22 0
89280400 1 0
89381044 0 0
89481688 0 0
89582332 0 0
89682980 0 0
89783620 0 0
89884260 0 0
89984908 0 0
90085556 0 0
90186204 0 0
90286852 0 0
90387500 0 0
90488140 0 0
90588780 0 0
90689428 1 0
90790068 4 0
90890712 9 0
90991356 12 0
91092048 16 0
91192736 19 0
91293424 18 0
91394112 18 0
91494800 14 0
91595488 10 0
91696184 7 0
91796820 0 0
91897460 4 0
91998108 0 0
92098748 0 0
92199388 0 1
92300036 0 1
92400684 0 1
92501324 33 1
92602008 0 1
92702660 0 1
92803300 0 1
92903940 0 1
93004588 0 1
93105236 13 1
93205920 0 1
93306564 0 1
93407212 94 1
93507896 22 1
93608576 0 1
93709228 34 1
93809912 0 1
93910548 66 1
94011240 0 1
94111884 55 1
94212572 0 1
94313220 41 1
94413912 32 1
94514592 0 1
94615248 0 1
94715892 0 1
94816536 0 1
94917172 8 0
95017820 0 0
95118468 0 0
95219112 0 0
95319756 0 0
95420404 0 0
95521044 0 0
95621684 0 0
95722332 0 0
95822980 0 0
95923624 0 0
96024268 0 0
96124916 3 0
96225556 6 0
96326196 9 0
96426844 12 0
96527536 15 0
96628228 15 0
96728920 17 0
96829608 17 0
96930288 15 0
97030984 12 0
97131680 8 0
97232316 4 0
97332964 1 0
97433612 0 0
97534256 0 0
97634896 0 0
97735540 0 0
97836188 0 0
97936828 0 0
98037476 0 0
98138128 0 0
98238768 0 0
98339408 0 0
98440052 0 0
98540700 0 0
98641340 0 0
98741988 0 0
98842636 0 0
98943276 2 0
99043920 7 0
99144564 10 0
99245256 14 0
99345936 16 0
99446624 17 0
99547312 16 0
99648000 12 0
99748684 10 0
99849376 14 0
99950064 5 0
100050716 1 0
100151408 0 0
100252088 0 0
100352776 0 1
100453468 0 1
100554152 34 1
100654892 0 1
100755584 0 1
100856268 0 1
100956964 38 1
101057700 0 1
101158384 0 1
101259072 0 1
101359768 0 1
101460460 101 1
101561240 155 1
101662012 0 1
101762700 260 1
101863480 149 1
101964252 18 1
102064988 0 1
102165680 174 1
102266452 24 1
102367188 0 1
102467876 0 1
102568560 0 1
102669244 1 1
102769928 0 1
102870608 0 1
102971304 0 1
103071984 0 1
103172664 0 1
103273356 0 1
103374048 0 1
103474728 97 1
103575460 20 1
103676188 59 1
103776916 0 1
103877608 0 1
103978296 2 1
104078976 30 0
104179712 32 0
104280444 18 0
104381180 19 0
104481916 23 0
104582644 21 0
104683380 17 0
104784116 15 0
104884844 13 0
104985576 7 0
105086256 3 0
105186944 0 0
105287636 0 0
105388320 0 0
105489008 0 0
105589692 0 0
105690376 0 0
105791056 0 0
105891744 0 0
105992436 0 0
106093120 0 0
106193812 0 0
106294496 0 0
106395176 0 0
106495872 0 0
106596568 0 0
106697248 2 0
106797944 5 0
106898640 9 0
106999328 11 0
107100068 15 0
107200796 18 0
107301524 18 0
107402260 14 0
107502992 12 0
107603724 11 0
107704456 4 0
107805136 1 0
107905832 0 0
108006528 0 0
108107208 0 0
108207904 0 0
108308600 0 0
108409280 0 0
108509968 0 0
108610664 0 0
108711348 0 0
108812044 0 0
108912732 0 0
109013416 0 0
109114104 0 1
109214800 0 1
109315488 0 1
109416184 0 1
109516880 0 1
109617560 0 1
109718256 10 1
109818996 16 1
109919724 0 1
110020416 38 1
110121148 0 1
110221832 30 1
110322572 126 1
110423352 58 1
110524084 8 1
110624780 34 1
110725508 0 1
110826200 0 1
110926888 0 1
111027572 57 1
111128312 0 1
111229000 105 1
111329780 3 1
111430472 144 1
111531256 0 1
111631944 148 1
111732720 163 1
111833488 57 1
111934228 0 1
112034920 0 1
112135604 159 1
112236384 17 1
112337116 19 1
112437844 9 1
112538536 19 1
112639268 41 0
112740000 36 0
112840736 15 0
112941460 4 0
113042152 3 0
113142848 0 0
113243540 0 0
113344236 0 0
113444928 0 0
113545608 0 0
113646304 0 0
113746992 0 0
113847680 0 0
113948368 0 0
114049056 0 0
114149744 0 0
114250440 0 0
114351128 0 0
114451820 0 0
114552512 0 0
114653200 1 0
114753884 4 0
114854576 8 0
114955272 11 0
115055996 15 0
115156732 17 0
115257468 18 0
115358196 19 0
115458932 15 0
115559668 12 0
115660396 7 0
115761088 3 0
115861772 0 0
115962456 0 0
116063152 0 0
116163832 0 0
116264512 0 0
116365208 0 0
116465888 0 0
116566580 0 0
116667272 0 0
116767968 0 0
116868652 0 0
116969344 0 0
117070032 0 1
117170724 0 1
117271416 0 1
117372112 0 1
117472804 0 1
117573496 0 1
117674184 63 1
117774920 0 1
117875616 0 1
117976304 0 1
118076984 3 1
118177680 0 1
118278372 42 1
118379104 32 1
118479836 107 1
118580608 36 1
118681340 46 1
118782076 52 1
118882808 0 1
118983504 0 1
119084200 0 1
119184888 0 1
119285576 0 1
119386268 0 1
119486952 22 1
119587684 72 1
119688420 16 1
119789148 0 1
119889840 0 1
119990524 56 1
120091256 0 1
120191948 0 1
120292636 0 1
120393324 0 1
120494016 44 1
120594744 64 1
120695476 1 1
120796168 0 1
120896856 84 1
120997588 3 1
121098280 15 1
121199012 86 1
121299748 8 1
121400440 0 1
121501128 41 0
121601860 20 0
121702596 0 0
121803280 0 0
121903968 0 0
122004660 0 0
122105344 0 0
122206032 0 0
122306720 0 0
122407408 0 0
122508100 0 0
122608796 0 0
122709484 0 0
122810176 0 0
122910868 0 0
123011556 0 0
123112248 0 0
123212944 7 0
123313632 11 0
123414364 14 0
123515100 18 0
123615832 18 0
123716564 17 0
123817292 17 0
123918028 13 0
124018768 10 0
124119492 10 0
124220228 5 0
124320920 10 0
124421652 6 0
124522344 0 0
124623032 0 0
124723716 0 0
124824408 0 0
124925104 0 0
125025788 0 0
125126480 0 0
125227176 0 0
125327860 0 0
125428552 0 0
125529244 0 0
125629932 0 0
125730624 0 0
125831316 0 0
125932000 0 0
126032688 0 0
126133384 4 0
126234068 3 0
126334764 7 0
126435456 11 0
126536188 13 0
126636928 15 0
126737660 17 0
126838388 15 0
126939124 13 0
127039856 11 0
127140588 7 0
127241280 5 0
127341968 1 0
127442656 0 0
127543348 0 0
127644036 0 0
127744728 0 0
127845416 0 0
127946108 0 0
128046800 0 0
128147484 0 0
128248168 0 0
128348852 0 0
128449548 0 0
128550232 41 0
128650964 0 1
128751652 0 1
128852336 0 1
128953024 95 1
129053764 0 1
129154448 63 1
129255188 0 1
129355880 0 1
129456568 36 1
129557300 0 1
129657992 59 1
129758716 0 1
129859408 92 1
129960140 0 1
130060824 27 1
130161556 0 1
130262244 0 1
130362928 57 1
130463660 0 1
130564352 0 1
130665032 0 1
130765720 0 1
130866404 0 1
130967092 0 1
131067784 0 1
131168476 12 0
131269204 0 0
131369892 0 0
131470576 0 0
131571260 0 0
131671948 0 0
131772640 0 0
131873324 0 0
131974016 2 0
132074704 6 0
132175384 8 0
132276072 11 0
132376804 14 0
132477532 17 0
132578268 19 0
132678996 19 0
132779732 20 0
132880468 16 0
132981196 30 0
133081932 0 0
133182624 0 0
133283304 0 0
133383992 0 1
133484688 0 1
133585372 0 1
133686068 0 1
133786760 0 1
133887440 0 1
133988136 74 1
134088868 72 1
134189596 0 1
134290292 2 1
134390984 0 1
134491672 0 1
134592360 0 1
134693044 65 1
134793772 52 1
134894508 0 1
134995192 0 1
135095884 30 1
135196620 44 0
135297348 26 0
135398080 17 0
135498812 19 0
135599540 20 0
135700276 13 0
135801012 13 0
135901740 13 0
136002476 8 0
136103160 3 0
136203844 0 0
136304536 0 0
136405228 0 0
136505912 0 0
136606608 0 0
136707296 0 0
136807976 0 0
136908672 0 0
137009360 0 0
137110048 0 0
137210736 0 0
137311424 0 0
137412104 0 0
137512796 0 0
137613488 0 0
137714168 0 0
137814856 3 0
137915552 9 0
138016232 11 0
138116976 12 0
138217708 12 0
138318436 13 0
138419176 12 0
138519904 12 0
138620636 11 0
138721376 9 0
138822056 7 0
